STARLINK-31             
1 44235C 19029A   20173.50536016  .00123782  00000-0  26321-2 0  1731
2 44235  53.0044 188.5555 0003441 291.5094 179.6388 15.44266529    12
STARLINK-22             
1 44236C 19029B   20173.44580502  .00017593  00000-0  14408-3 0  1730
2 44236  53.0016 148.8918 0006755 272.9072 313.4465 15.69796130    11
STARLINK-23             
1 44237C 19029C   20173.50685545 -.00001076  00000-0 -23301-4 0  1735
2 44237  52.9949 187.9884 0001274 110.7711 113.8593 15.43868119    14
STARLINK-25             
1 44239C 19029E   20173.50742828  .00001349  00000-0  29217-4 0  1738
2 44239  53.0043 187.4649 0001207  74.0998  63.2541 15.43855342    17
STARLINK-27             
1 44241C 19029G   20173.49327265 -.00006454  00000-0 -13967-3 0  1731
2 44241  53.0054 188.4654 0001084  81.5221 121.5484 15.43882833    13
STARLINK-28             
1 44242C 19029H   20173.44392181  .01290010  00000-0  14422-1 0  1733
2 44242  52.9914 143.0470 0001170  70.6849 158.0312 15.60820235    13
STARLINK-29             
1 44243C 19029J   20173.16358571  .00007471  00000-0  98004-4 0  1735
2 44243  53.0000  93.1841 0008162 217.5263 245.9095 15.57867516    12
STARLINK-30             
1 44244C 19029K   20173.50076220  .00008915  00000-0  19297-3 0  1732
2 44244  52.9950 187.9182 0001217 104.9362  25.7900 15.43863236    17
STARLINK-21             
1 44245C 19029L   20173.47867532 -.00081903  00000-0 -19151-2 0  1731
2 44245  52.9965 188.7114 0002937 163.1289  40.3278 15.41652672    12
STARLINK-33             
1 44247C 19029N   20173.05794115 -.00008601  00000-0 -68084-4 0  1738
2 44247  53.0042 145.4920 0001166  69.6178 337.1292 15.70668323    12
STARLINK-34             
1 44248C 19029P   20173.43295022  .00013935  00000-0  11473-3 0  1737
2 44248  52.9991 152.9935 0001169  72.6297  63.6015 15.69701873    12
STARLINK-36             
1 44250C 19029R   20173.49509662  .00008984  00000-0  19448-3 0  1732
2 44250  52.9947 188.0373 0000555  98.4497  30.7967 15.43862215    19
STARLINK-37             
1 44251C 19029S   20173.49526889 -.00010766  00000-0 -23297-3 0  1733
2 44251  52.9763 187.0443 0001283 128.5713   7.6183 15.43889401    17
STARLINK-71             
1 44252C 19029T   20173.39839909  .00003800  00000-0  21634-3 0  1735
2 44252  52.9977 191.7979 0000245 154.2813 315.9027 15.12329941    11
STARLINK-39             
1 44253C 19029U   20173.49502326 -.00014292  00000-0 -30929-3 0  1733
2 44253  53.0042 188.4173 0001149  84.2053 116.5947 15.43893500    15
STARLINK-32             
1 44254C 19029V   20173.50468861  .00009199  00000-0  19913-3 0  1739
2 44254  52.9943 187.9901 0001208 121.4423  85.1271 15.43862792    18
STARLINK-66             
1 44255C 19029W   20173.16442236  .00002847  00000-0  31832-4 0  1738
2 44255  53.0016 145.8421 0000824  84.5542 340.3945 15.62096098    19
STARLINK-42             
1 44256C 19029X   20173.39318353  .00017432  00000-0  16163-3 0  1731
2 44256  52.9920 144.9216 0004890 334.6019 162.3882 15.66784360    11
STARLINK-43             
1 44257C 19029Y   20173.42495543  .00008667  00000-0  27741-3 0  1737
2 44257  53.0008 138.8808 0000623  42.7581 183.2847 15.31837289    15
STARLINK-40             
1 44258C 19029Z   20173.49266438  .00009069  00000-0  19634-3 0  1733
2 44258  52.9948 188.0559 0001241 124.7982   8.8910 15.43856002    10
STARLINK-52             
1 44259C 19029AA  20172.94245750 -.00000710  00000-0 -72842-5 0  1724
2 44259  53.0015  95.6993 0000843  76.9113 236.9755 15.64296919    13
STARLINK-45             
1 44260C 19029AB  20173.50112601 -.00011074  00000-0 -23971-3 0  1730
2 44260  53.0054 186.9480 0000909 110.9521  99.8176 15.43884018    11
STARLINK-44             
1 44261C 19029AC  20173.49405690  .00009172  00000-0  19859-3 0  1736
2 44261  52.9945 188.0281 0000841  84.2368  51.1918 15.43854738    19
STARLINK-49             
1 44262C 19029AD  20173.49305938  .00009303  00000-0  20138-3 0  1739
2 44262  53.0055 188.4740 0001168  95.9215 111.9443 15.43861257    13
STARLINK-72             
1 44263C 19029AE  20173.43420319 -.00006492  00000-0 -14051-3 0  1730
2 44263  52.9959 188.1859 0001311 103.7376  10.8965 15.43879958    12
STARLINK-35             
1 44264C 19029AF  20173.49943406  .00009006  00000-0  19494-3 0  1732
2 44264  52.9948 187.9604 0001261 112.9628  22.3819 15.43861486    15
STARLINK-63             
1 44265C 19029AG  20173.49822009  .00008937  00000-0  19343-3 0  1733
2 44265  52.9943 187.3357 0001084 105.6813  28.8894 15.43864199    16
STARLINK-54             
1 44266C 19029AH  20173.47176468 -.00005538  00000-0 -11985-3 0  1733
2 44266  52.9964 187.4235 0001142  78.6864  52.7927 15.43881730    19
STARLINK-69             
1 44267C 19029AJ  20173.50071703 -.00011800  00000-0 -25537-3 0  1731
2 44267  52.9968 187.1719 0001290 120.3189 100.1771 15.43887738    16
STARLINK-55             
1 44268C 19029AK  20173.43498200  .00511598  00000-0  56729-2 0  1732
2 44268  52.9916 143.9031 0001102  81.7482 144.7541 15.61800249    16
STARLINK-57             
1 44269C 19029AL  20173.49228396  .00009202  00000-0  19916-3 0  1738
2 44269  52.9991 187.7501 0000962 113.7513  95.7829 15.43864623    12
STARLINK-58             
1 44270C 19029AM  20173.44006281  .00009958  00000-0  12199-3 0  1736
2 44270  53.0013 154.2052 0000269 302.8699 200.8140 15.59716309    16
STARLINK-59             
1 44271C 19029AN  20173.50115516 -.00001639  00000-0 -35502-4 0  1730
2 44271  52.9937 187.2433 0000889  96.9779  18.0004 15.43856130    15
STARLINK-51             
1 44272C 19029AP  20173.50035032  .00036399  00000-0  78810-3 0  1732
2 44272  52.9931 187.8722 0001054  90.3498  44.1367 15.43826883    12
STARLINK-62             
1 44274C 19029AR  20173.39034699  .00013296  00000-0  10943-3 0  1733
2 44274  53.0035 153.3299 0001264 124.9826  95.7100 15.69713038    12
STARLINK-64             
1 44275C 19029AS  20173.43821443  .00008615  00000-0  22586-3 0  1735
2 44275  52.9900 165.5703 0005944 338.5423 224.7725 15.38074195    19
STARLINK-65             
1 44276C 19029AT  20173.39804861  .00004965  00000-0  11012-3 0  1732
2 44276  52.9984 188.5972 0001104  54.6144  51.2109 15.43146054    14
STARLINK-41             
1 44277C 19029AU  20173.38327477  .00006962  00000-0  57333-4 0  1731
2 44277  53.0051 145.3814 0001460  42.3902 181.5867 15.69702426    16
STARLINK-68             
1 44279C 19029AW  20173.51094241  .00096394  00000-0  19375-2 0  1738
2 44279  52.9940 186.9465 0001244 105.0886  22.8454 15.45945851    18
STARLINK-38             
1 44280C 19029AX  20173.50829341  .00008820  00000-0  19090-3 0  1738
2 44280  52.9973 187.7705 0001098  81.4447  55.1831 15.43864727    17
STARLINK-70             
1 44281C 19029AY  20173.44787904  .00005718  00000-0  17972-3 0  1730
2 44281  52.9976 188.6317 0000592 102.9884  13.8269 15.32423682    17
STARLINK-56             
1 44283C 19029BA  20173.50620815  .00008869  00000-0  19196-3 0  1736
2 44283  52.9967 187.8637 0001305  83.9996  53.0338 15.43865406    19
STARLINK-73             
1 44284C 19029BB  20173.50678361  .00009001  00000-0  19488-3 0  1739
2 44284  52.9968 187.8348 0001142  94.3237  39.8560 15.43857033    19
STARLINK-50             
1 44285C 19029BC  20173.50341713  .00008679  00000-0  18780-3 0  1732
2 44285  52.9998 189.2610 0001439  94.8547  38.6287 15.43871089    19
STARLINK-75             
1 44286C 19029BD  20173.47650651  .00918715  00000-0  10835-1 0  1735
2 44286  53.0028 146.1713 0001627 294.8865 307.2005 15.59802973    12
STARLINK-76             
1 44287C 19029BE  20173.50322448  .00009130  00000-0  19763-3 0  1733
2 44287  52.9951 188.0269 0000903 129.4157  80.9823 15.43862373    16
STARLINK-79             
1 44288C 19029BF  20173.40793716  .00006709  00000-0  14526-3 0  1734
2 44288  53.0072 188.9608 0001164 101.0612  11.4644 15.43857487    11
STARLINK-48             
1 44289C 19029BG  20173.49279319  .00006242  00000-0  28562-3 0  1739
2 44289  53.0022 164.9395 0000329 165.4606 328.1578 15.19993001    13
STARLINK-78             
1 44290C 19029BH  20173.40916012 -.00001936  00000-0 -41888-4 0  1734
2 44290  53.0065 188.8446 0001169  81.9049  31.4136 15.43879303    19
STARLINK-77             
1 44291C 19029BJ  20173.40379286  .00006422  00000-0  13909-3 0  1736
2 44291  53.0085 189.0571 0001196  90.9829  16.5012 15.43848696    18
STARLINK-81             
1 44292C 19029BK  20173.40212909 -.00018333  00000-0 -39697-3 0  1733
2 44292  53.0086 189.0905 0001330  65.7637  44.4842 15.43879655    18
STARLINK-74             
1 44293C 19029BL  20173.49739520  .00009228  00000-0  19986-3 0  1736
2 44293  53.0051 188.4771 0001160 100.1474 119.8724 15.43846565    19
STARLINK-53             
1 44294C 19029BM  20173.51002311  .00008797  00000-0  19041-3 0  1733
2 44294  52.9955 187.1698 0001339  83.8898  50.3608 15.43864021    17
STARLINK-1007           
1 44713C 19074A   20173.50550627  .00006436  00000-0  44101-3 0  1739
2 44713  52.9977 196.3538 0001209  93.8950  53.9055 15.05557802    17
STARLINK-1008           
1 44714C 19074B   20173.48867218  .00032134  00000-0  22008-2 0  1739
2 44714  52.9990 196.4228 0001407  83.4946  62.9351 15.05551361    13
STARLINK-1009           
1 44715C 19074C   20173.40532343  .00003213  00000-0  22005-3 0  1734
2 44715  52.9977 196.8047 0001117  89.8749  18.6491 15.05582649    17
STARLINK-1010           
1 44716C 19074D   20173.44110198  .00004094  00000-0  32469-3 0  1732
2 44716  52.9874 196.4728 0001160  95.0779  21.9084 15.00051005    13
STARLINK-1011           
1 44717C 19074E   20173.42739424  .00025929  00000-0  17763-2 0  1739
2 44717  52.9984 216.7068 0000871 102.9380 357.0757 15.05547110    15
STARLINK-1012           
1 44718C 19074F   20173.39127576  .00002064  00000-0  14143-3 0  1730
2 44718  52.9980 196.8636 0001159 101.2828   2.9333 15.05569436    11
STARLINK-1013           
1 44719C 19074G   20173.39914585  .00002521  00000-0  17269-3 0  1735
2 44719  52.9979 196.8295 0001156  95.7441 357.1697 15.05567651    11
STARLINK-1014           
1 44720C 19074H   20173.41923160  .00004268  00000-0  29217-3 0  1735
2 44720  52.9997 196.7346 0006821 103.9475   7.9515 15.05580412    11
STARLINK-1015           
1 44721C 19074J   20173.40881714  .00027467  00000-0  18809-2 0  1733
2 44721  52.9976 196.7963 0001155 104.3893   4.9271 15.05560768    16
STARLINK-1016           
1 44722C 19074K   20173.41228840  .00003724  00000-0  25519-3 0  1737
2 44722  52.9994 196.7607 0001305  92.5585  17.7144 15.05560422    13
STARLINK-1017           
1 44723C 19074L   20173.42553534  .00004492  00000-0  30765-3 0  1732
2 44723  52.9999 196.7098 0000637  82.9836  27.0871 15.05582334    19
STARLINK-1019           
1 44724C 19074M   20173.38780855  .00001906  00000-0  13057-3 0  1738
2 44724  52.9978 196.8801 0001071  94.0161   9.3921 15.05573855    15
STARLINK-1020           
1 44725C 19074N   20173.39943272 -.00000520  00000-0 -35635-4 0  1734
2 44725  52.9981 216.8259 0000684 114.5108 337.9292 15.05590734    14
STARLINK-1021           
1 44726C 19074P   20173.45055851 -.00016837  00000-0 -11536-2 0  1739
2 44726  52.9976 196.6009 0001198  97.5434   4.3284 15.05586377    14
STARLINK-1022           
1 44727C 19074Q   20173.43329300 -.00000129  00000-0 -88437-5 0  1735
2 44727  53.0051 236.6485 0001330  98.6230 339.6857 15.05585394    16
STARLINK-1023           
1 44728C 19074R   20173.42964105  .00004500  00000-0  30820-3 0  1739
2 44728  52.9988 196.6912 0001038  91.7257  22.6036 15.05579956    17
STARLINK-1024           
1 44729C 19074S   20173.41697285  .00002214  00000-0  15161-3 0  1732
2 44729  52.9983 216.7477 0000918 103.5576 353.8864 15.05579471    15
STARLINK-1025           
1 44730C 19074T   20173.42270340 -.00001978  00000-0 -13543-3 0  1734
2 44730  52.9992 196.7217 0001242  94.1795  18.5589 15.05596026    19
STARLINK-1026           
1 44731C 19074U   20173.39839877  .00002651  00000-0  18163-3 0  1737
2 44731  52.9979 196.8325 0001271  86.4064  20.4580 15.05573523    11
STARLINK-1027           
1 44732C 19074V   20173.38919578  .00000558  00000-0  38253-4 0  1731
2 44732  52.9975 216.8736 0001213  99.3586 351.4552 15.05572512    18
STARLINK-1028           
1 44733C 19074W   20173.52200473  .00035573  00000-0  24358-2 0  1739
2 44733  52.9981 196.2781 0001369 104.5988  42.5464 15.05555735    12
STARLINK-1029           
1 44734C 19074X   20169.40898575  .00008048  00000-0  94021-4 0  1696
2 44734  52.9966 177.1695 0004111 348.9755 126.1901 15.60943548    11
STARLINK-1030           
1 44735C 19074Y   20173.39544639  .00001169  00000-0  80060-4 0  1739
2 44735  52.9992 216.8451 0001158  94.5251 354.1954 15.05574555    13
STARLINK-1031           
1 44736C 19074Z   20173.41332406  .00002268  00000-0  15540-3 0  1731
2 44736  52.9947 216.7799 0001381  82.1749  13.5532 15.05568785    17
STARLINK-1032           
1 44737C 19074AA  20173.42391295  .00001960  00000-0  13430-3 0  1738
2 44737  52.9988 216.7182 0000905 100.3740 358.8508 15.05561858    16
STARLINK-1033           
1 44738C 19074BA  20173.40881752  .00002190  00000-0  14999-3 0  1736
2 44738  52.9975 216.7940 0001228 107.0067 342.3169 15.05586967    19
STARLINK-1052           
1 44739C 19074AC  20173.40169369  .00001869  00000-0  12799-3 0  1738
2 44739  52.9995 216.8163 0000723 113.6526 332.9395 15.05580657    18
STARLINK-1035           
1 44740C 19074AD  20173.42044994  .00002314  00000-0  15839-3 0  1732
2 44740  52.9982 216.7351 0001196  98.2164   0.1091 15.05599989    10
STARLINK-1036           
1 44741C 19074AE  20173.43035322  .00001959  00000-0  13421-3 0  1738
2 44741  52.9977 216.6882 0001378 102.5927 355.4923 15.05578405    11
STARLINK-1038           
1 44743C 19074AG  20173.41454707 -.00000988  00000-0 -67641-4 0  1737
2 44743  52.9985 236.7606 0001303 107.8240 336.8444 15.05582976    12
STARLINK-1039           
1 44744C 19074AH  20173.42130102 -.00001016  00000-0 -69598-4 0  1735
2 44744  53.0000 236.7297 0000989 108.0993 337.1734 15.05582494    17
STARLINK-1041           
1 44746C 19074AK  20173.48033765  .00021368  00000-0  14639-2 0  1734
2 44746  52.9984 236.4637 0000868 107.7923 351.6464 15.05552339    14
STARLINK-1042           
1 44747C 19074AL  20173.43867167 -.00001533  00000-0 -10494-3 0  1731
2 44747  53.0049 236.6277 0001149 104.5035 344.9137 15.05610446    19
STARLINK-1043           
1 44748C 19074AM  20173.39718363  .00018244  00000-0  12498-2 0  1730
2 44748  53.0013 236.8352 0000960 102.3543 338.0873 15.05557612    13
STARLINK-1044           
1 44749C 19074AN  20173.43432870  .00002090  00000-0  14312-3 0  1732
2 44749  52.9990 216.6698 0001174 107.2898 354.3253 15.05581569    11
STARLINK-1045           
1 44750C 19074AP  20173.42478575  .00019673  00000-0  13478-2 0  1731
2 44750  52.9992 236.7180 0000721  99.1721 346.9840 15.05551974    11
STARLINK-1046           
1 44751C 19074AQ  20173.41784311 -.00001034  00000-0 -70767-4 0  1739
2 44751  52.9976 236.7450 0000676 116.9100 327.6069 15.05593854    14
STARLINK-1047           
1 44752C 19074AR  20173.43781004  .00002141  00000-0  14676-3 0  1732
2 44752  52.9987 216.6553 0000882 104.7614 357.8319 15.05558297    17
STARLINK-1048           
1 44753C 19074AS  20173.43658473 -.00007296  00000-0 -49942-3 0  1738
2 44753  52.9968 196.6637 0001234  93.6900  22.2711 15.05611048    16
STARLINK-1049           
1 44754C 19074AT  20173.43989161  .00004647  00000-0  31810-3 0  1730
2 44754  52.9984 196.6476 0001310  89.3957  26.4966 15.05598027    14
STARLINK-1050           
1 44755C 19074AU  20173.42823626 -.00000434  00000-0 -29736-4 0  1730
2 44755  53.0041 236.6678 0000987 112.8665 333.9221 15.05603905    19
STARLINK-1051           
1 44756C 19074AV  20173.51539971  .00006307  00000-0  43191-3 0  1731
2 44756  52.9995 196.3061 0000668 103.4226  44.0653 15.05580824    12
STARLINK-1034           
1 44757C 19074AW  20173.45100661  .00002873  00000-0  19673-3 0  1737
2 44757  52.9973 216.5973 0000688 119.8700 342.2713 15.05587461    10
STARLINK-1053           
1 44758C 19074AX  20173.45101591  .00001766  00000-0  12094-3 0  1731
2 44758  53.0007 236.5811 0001114 104.5713 339.8685 15.05585350    19
STARLINK-1054           
1 44759C 19074AY  20173.44561532  .00001099  00000-0  75252-4 0  1731
2 44759  53.0030 236.5999 0001355 115.1023 335.9810 15.05603947    12
STARLINK-1055           
1 44760C 19074AZ  20173.43172911 -.00000350  00000-0 -23968-4 0  1739
2 44760  53.0053 236.6548 0001052 110.6661 337.1528 15.05570896    18
STARLINK-1056           
1 44761C 19074BA  20173.44214420  .00026161  00000-0  17924-2 0  1732
2 44761  53.0042 236.6142 0001316 109.4950 340.8096 15.05543335    16
STARLINK-1057           
1 44762C 19074BB  20173.44822100  .00002645  00000-0  18123-3 0  1737
2 44762  52.9974 216.6076 0001004 111.8205 353.1832 15.05568374    12
STARLINK-1058           
1 44763C 19074BC  20173.39215083 -.00001017  00000-0 -69636-4 0  1738
2 44763  52.9992 236.8550 0001277 117.9013 313.2032 15.05583068    16
STARLINK-1059           
1 44764C 19074BD  20173.44474962  .00002460  00000-0  16849-3 0  1736
2 44764  52.9980 216.6253 0000580 116.8048 347.3478 15.05585512    10
STARLINK-1060           
1 44765C 19074BE  20173.39267163 -.00000792  00000-0 -54244-4 0  1734
2 44765  52.9973 216.8605 0001269  98.0766 353.6436 15.05597991    17
STARLINK-1061           
1 44766C 19074BF  20173.52358815  .00004342  00000-0  29732-3 0  1731
2 44766  53.0022 236.2602 0001060 104.5818 355.3788 15.05590606    13
STARLINK-1062           
1 44767C 19074BG  20173.44908721  .00021252  00000-0  14556-2 0  1736
2 44767  53.0020 236.5855 0001088 105.4146 346.4843 15.05558453    16
STARLINK-1063           
1 44768C 19074BH  20173.40361383 -.00000871  00000-0 -59668-4 0  1731
2 44768  53.0004 236.8046 0001005 114.2246 325.1362 15.05590067    19
STARLINK-1064           
1 44769C 19074BJ  20173.40638296 -.00000920  00000-0 -63010-4 0  1733
2 44769  52.9987 236.7982 0000730 126.2489 310.1195 15.05587424    13
STARLINK-1067           
1 44771C 19074BL  20173.45811534  .00002217  00000-0  15181-3 0  1733
2 44771  53.0002 236.5535 0000967 101.6522 345.2862 15.05583951    16
STARLINK-1068           
1 44772C 19074BM  20173.45533449  .00003164  00000-0  21658-3 0  1738
2 44772  52.9977 216.5774 0001063 102.1971   5.2870 15.05603262    11
STARLINK-1073           
1 44914C 20001A   20173.43943608  .00003632  00000-0  24855-3 0  1730
2 44914  52.9990 356.6503 0001412 111.4345 329.2791 15.05605224    17
STARLINK-1084           
1 44915C 20001B   20173.43195756  .00006221  00000-0  42585-3 0  1731
2 44915  52.9997 356.6825 0001412  95.4716 142.7250 15.05596587    14
STARLINK-1097           
1 44916C 20001C   20173.44250380  .00001437  00000-0  98420-4 0  1732
2 44916  52.9998 356.6358 0001491 109.0455 132.3645 15.05577620    16
STARLINK-1098           
1 44917C 20001D   20173.43655711  .00002188  00000-0  14980-3 0  1731
2 44917  53.0004 356.6599 0001194 101.8908 143.2538 15.05591437    11
STARLINK-1099           
1 44918C 20001E   20173.44669738  .00001148  00000-0  78564-4 0  1731
2 44918  53.0012 356.6140 0001561 109.3550 136.7741 15.05598599    16
STARLINK-1101           
1 44919C 20001F   20173.42910270  .00001427  00000-0  97768-4 0  1737
2 44919  52.9995 356.6947 0001561 119.6882 319.0650 15.05568881    18
STARLINK-1102           
1 44920C 20001G   20173.43029065  .00001602  00000-0  10970-3 0  1737
2 44920  52.9997 356.6895 0001333 103.6231 323.5110 15.05593919    13
STARLINK-1103           
1 44921C 20001H   20173.45625830  .00000573  00000-0  39233-4 0  1732
2 44921  53.0000 356.5724 0001308 118.1549 125.8216 15.05587286    16
STARLINK-1104           
1 44922C 20001J   20173.44848977  .00000685  00000-0  46919-4 0  1734
2 44922  52.9989 356.6052 0001370 106.4811 131.4416 15.05565441    11
STARLINK-1106           
1 44923C 20001K   20173.44573793  .00002150  00000-0  14717-3 0  1735
2 44923  52.9995 356.6219 0001537 108.7232 330.2403 15.05595609    15
STARLINK-1111           
1 44924C 20001L   20173.43607112  .00001647  00000-0  11279-3 0  1738
2 44924  52.9994 356.6647 0001490 109.6977 330.8675 15.05575744    19
STARLINK-1112           
1 44925C 20001M   20173.45024791  .00002519  00000-0  17244-3 0  1734
2 44925  52.9981 356.5977 0001523  99.5708 345.8285 15.05597366    14
STARLINK-1113           
1 44926C 20001N   20173.45690780  .00002253  00000-0  15430-3 0  1732
2 44926  52.9999 356.5613 0001438 105.8133 339.7721 15.05587473    14
STARLINK-1114           
1 44927C 20001P   20173.42548704  .00003060  00000-0  20958-3 0  1736
2 44927  52.9986 356.7093 0001440 105.6633 133.4288 15.05580296    14
STARLINK-1119           
1 44928C 20001Q   20173.42219124 -.00009300  00000-0 -63686-3 0  1738
2 44928  52.9990 356.7248 0001371 109.1103 130.1975 15.05596243    12
STARLINK-1121           
1 44929C 20001R   20173.44281329  .00002141  00000-0  14659-3 0  1737
2 44929  52.9979 356.6330 0001254 103.8729 337.1802 15.05590094    12
STARLINK-1123           
1 44930C 20001S   20173.43906338  .00001847  00000-0  12649-3 0  1731
2 44930  53.0015 356.6496 0001305  98.0028 142.7174 15.05586035    16
STARLINK-1128           
1 44931C 20001T   20173.45117738  .00002386  00000-0  16338-3 0  1730
2 44931  52.9996 356.5880 0001485 106.9911 325.4333 15.05581831    14
STARLINK-1130 (DARKSAT) 
1 44932C 20001U   20173.46422909  .00001903  00000-0  13028-3 0  1738
2 44932  53.0009 356.5367 0001603 105.5521 325.6370 15.05598593    12
STARLINK-1144           
1 44933C 20001V   20173.45480181  .00000449  00000-0  30794-4 0  1738
2 44933  53.0003 356.5829 0001257 103.8890 150.2617 15.05565142    15
STARLINK-1071           
1 44934C 20001W   20173.51518078 -.00004274  00000-0 -29275-3 0  1736
2 44934  52.9999 336.3093 0001337 105.2480  10.4196 15.05583629    16
STARLINK-1072           
1 44935C 20001X   20173.51551832 -.00011430  00000-0 -78314-3 0  1732
2 44935  53.0010 336.3067 0001349 103.5972 176.0315 15.05578284    17
STARLINK-1078           
1 44936C 20001Y   20173.43823094 -.00018085  00000-0 -12382-2 0  1731
2 44936  52.9990 336.6516 0001337 104.0767 350.3412 15.05611695    19
STARLINK-1079           
1 44937C 20001Z   20173.45108546 -.00000686  00000-0 -46959-4 0  1739
2 44937  52.9997 336.5910 0001470 104.2816 149.7873 15.05596777    13
STARLINK-1082           
1 44938C 20001AA  20173.42239971  .00001099  00000-0  75262-4 0  1730
2 44938  52.9985 336.7268 0001094 105.3553 137.1801 15.05584555    14
STARLINK-1083           
1 44939C 20001AB  20173.43333262  .00000910  00000-0  62290-4 0  1738
2 44939  52.9932 336.7005 0001363 110.2031 155.6534 15.05591040    16
STARLINK-1091           
1 44940C 20001AC  20173.44309875  .00000367  00000-0  25129-4 0  1730
2 44940  52.9894 336.6807 0001163 102.3577 162.5044 15.05591699    12
STARLINK-1094           
1 44941C 20001AD  20173.43090786 -.00000631  00000-0 -43228-4 0  1734
2 44941  53.0013 336.6842 0001359 107.2514 343.4331 15.05585642    19
STARLINK-1096           
1 44942C 20001AE  20173.44825514 -.00000327  00000-0 -22368-4 0  1735
2 44942  53.0001 336.6066 0001424 107.2955 149.4595 15.05594753    16
STARLINK-1100           
1 44943C 20001AF  20173.42656273  .00001353  00000-0  92664-4 0  1732
2 44943  52.9955 336.7195 0001239  94.8108 152.3070 15.05571524    14
STARLINK-1108           
1 44944C 20001AG  20173.44161190 -.00001164  00000-0 -79727-4 0  1731
2 44944  52.9997 336.6392 0001231 106.7024 347.9865 15.05580103    18
STARLINK-1109           
1 44945C 20001AH  20173.40695652 -.00006904  00000-0 -47293-3 0  1732
2 44945  52.9909 336.8361 0001373 115.1942 331.6720 15.05582124    15
STARLINK-1110           
1 44946C 20001AJ  20173.44560517 -.00001264  00000-0 -86291-4 0  1734
2 44946  53.0032 336.6094 0002328 111.1898 340.1992 15.05703804    19
STARLINK-1116           
1 44947C 20001AK  20173.45501979 -.00001264  00000-0 -86524-4 0  1732
2 44947  53.0005 336.5770 0001372 102.8445 154.5488 15.05591395    10
STARLINK-1122           
1 44949C 20001AM  20173.45624986 -.00001040  00000-0 -71232-4 0  1730
2 44949  53.0000 336.5719 0001433 115.5393 346.5525 15.05585767    12
STARLINK-1125           
1 44950C 20001AN  20173.43694912  .00000808  00000-0  55358-4 0  1736
2 44950  52.9923 336.6890 0001217 105.5674 161.8838 15.05585700    10
STARLINK-1126           
1 44951C 20001AP  20173.41903245  .00000610  00000-0  41741-4 0  1739
2 44951  53.0022 336.7433 0001892 117.3060 127.6252 15.05613520    18
STARLINK-1117           
1 44952C 20001AQ  20173.43454130 -.00024253  00000-0 -16605-2 0  1736
2 44952  52.9996 336.6706 0001229 104.5103 347.8821 15.05620749    18
STARLINK-1124           
1 44953C 20001AR  20173.45184044 -.00000755  00000-0 -51734-4 0  1738
2 44953  52.9989 336.5933 0001211 111.7054 344.4525 15.05584750    13
STARLINK-1066           
1 44954C 20001AS  20173.51420249 -.00003355  00000-0 -22979-3 0  1733
2 44954  53.0013 316.3100 0001591 126.0403 166.4359 15.05585947    10
STARLINK-1069           
1 44955C 20001AT  20173.52163486 -.00003291  00000-0 -22530-3 0  1734
2 44955  53.0008 316.2728 0001354 105.2372 173.5897 15.05601515    17
STARLINK-1070           
1 44956C 20001AU  20173.51824286 -.00003227  00000-0 -22100-3 0  1738
2 44956  52.9988 316.2925 0001268 102.0400 176.3764 15.05589718    17
STARLINK-1074           
1 44957C 20001AV  20173.51687984 -.00005092  00000-0 -34884-3 0  1735
2 44957  52.9989 316.2998 0001368 117.0601   9.9919 15.05576415    12
STARLINK-1075           
1 44958C 20001AW  20173.51057278 -.00004718  00000-0 -32318-3 0  1737
2 44958  53.0002 316.3316 0001293 105.2083  23.6095 15.05581261    19
STARLINK-1076           
1 44959C 20001AX  20173.51488784 -.00004931  00000-0 -33769-3 0  1736
2 44959  52.9928 316.3371 0001149 110.7934 293.4747 15.05589814    15
STARLINK-1077           
1 44960C 20001AY  20173.50676933 -.00004630  00000-0 -31709-3 0  1730
2 44960  53.0008 316.3457 0001355 100.4201  25.7744 15.05593054    19
STARLINK-1080           
1 44961C 20001AZ  20173.52269808 -.00004231  00000-0 -28985-3 0  1731
2 44961  53.0040 316.2528 0001377 109.6309 300.9463 15.05582068    17
STARLINK-1081           
1 44962C 20001BA  20173.51782977 -.00003296  00000-0 -22572-3 0  1734
2 44962  52.9993 316.2938 0001335 113.3910 180.7958 15.05594255    16
STARLINK-1085           
1 44963C 20001BB  20173.42643008 -.00007338  00000-0 -50247-3 0  1737
2 44963  52.9996 316.7005 0001450  96.5782   7.9725 15.05596015    15
STARLINK-1086           
1 44964C 20001BC  20173.42958618 -.00002131  00000-0 -14591-3 0  1732
2 44964  52.9996 316.6943 0001395 114.5542 349.1113 15.05598326    18
STARLINK-1088           
1 44966C 20001BE  20173.45208694 -.00004201  00000-0 -28753-3 0  1734
2 44966  52.9981 316.5911 0001298 112.0826 347.5304 15.05614961    16
STARLINK-1089           
1 44967C 20001BF  20173.43716906 -.00002239  00000-0 -15335-3 0  1734
2 44967  52.9997 316.6512 0001284 137.2674 133.5428 15.05588836    18
STARLINK-1090           
1 44968C 20001BG  20173.43514806 -.00002376  00000-0 -16266-3 0  1736
2 44968  53.0018 316.6624 0001860  80.0253 197.8406 15.05595720    16
STARLINK-1092           
1 44969C 20001BH  20173.45082385 -.00003922  00000-0 -26856-3 0  1735
2 44969  52.9892 316.6465 0001338  97.7936 301.0478 15.05599265    17
STARLINK-1093           
1 44970C 20001BJ  20173.44458219 -.00003591  00000-0 -24595-3 0  1739
2 44970  52.9992 316.6252 0001417 112.1356   0.7801 15.05588231    14
STARLINK-1095           
1 44971C 20001BK  20173.43267887 -.00002517  00000-0 -17234-3 0  1737
2 44971  53.0000 316.6811 0001244 120.8340 341.5820 15.05594041    18
STARLINK-1107           
1 44972C 20001BL  20173.44291067 -.00002195  00000-0 -15032-3 0  1732
2 44972  53.0009 316.6256 0001081 102.3002 181.5605 15.05585320    13
STARLINK-1115           
1 44973C 20001BM  20173.45782108 -.00004232  00000-0 -28982-3 0  1737
2 44973  52.9962 316.5828 0001463 105.0788   7.7311 15.05591753    19
STARLINK-1132           
1 45044C 20006A   20173.41963888 -.00004738  00000-0 -32441-3 0  1730
2 45044  52.9988 276.7334 0001015 112.8152  13.1756 15.05595766    12
STARLINK-1120           
1 45045C 20006B   20173.44761578 -.00003697  00000-0 -25326-3 0  1733
2 45045  52.9993 296.6128 0001426 109.9772 165.6336 15.05573543    18
STARLINK-1129           
1 45046C 20006C   20173.46096630 -.00014346  00000-0 -98204-3 0  1734
2 45046  52.9993 296.5668 0001457 104.6222 189.2927 15.05615555    11
STARLINK-1131           
1 45047C 20006D   20173.45462593 -.00003437  00000-0 -23532-3 0  1730
2 45047  52.9993 296.5796 0000991 122.7250 172.8874 15.05595419    13
STARLINK-1134           
1 45048C 20006E   20173.46359241 -.00002838  00000-0 -19426-3 0  1738
2 45048  52.9982 296.5358 0001411 111.1934 178.9546 15.05607808    14
STARLINK-1135           
1 45049C 20006F   20173.46479876 -.00029121  00000-0 -19933-2 0  1732
2 45049  53.0005 296.5358 0001328 106.2687 172.3997 15.05633907    17
STARLINK-1140           
1 45050C 20006G   20173.42824088 -.00003887  00000-0 -26603-3 0  1733
2 45050  52.9992 296.6995 0001232 102.7279 301.6781 15.05615053    12
STARLINK-1141           
1 45051C 20006H   20173.42477616 -.00002124  00000-0 -14550-3 0  1736
2 45051  52.9996 296.7137 0001454 105.6214 298.0641 15.05575805    17
STARLINK-1148           
1 45052C 20006J   20173.43467991 -.00004299  00000-0 -29444-3 0  1736
2 45052  53.0000 296.6743 0001310 116.6995 286.6599 15.05585464    14
STARLINK-1155           
1 45053C 20006K   20173.43350510 -.00004747  00000-0 -32503-3 0  1733
2 45053  53.0004 296.6768 0001310 107.3937 181.6911 15.05596994    11
STARLINK-1156           
1 45054C 20006L   20173.43153640 -.00003775  00000-0 -25857-3 0  1733
2 45054  53.0006 296.6850 0001495 113.5271 290.7814 15.05580696    16
STARLINK-1157           
1 45055C 20006M   20173.45437706  .00623248  00000-0  34337-2 0  1737
2 45055  53.0008 278.8182 0001173  77.7262  46.8899 15.78369379    19
STARLINK-1158           
1 45056C 20006N   20173.45326528 -.00004415  00000-0 -30232-3 0  1739
2 45056  52.9976 296.5951 0001469  92.6798  33.4762 15.05590300    12
STARLINK-1159           
1 45057C 20006P   20173.46013661 -.00005213  00000-0 -35703-3 0  1737
2 45057  52.9994 296.5527 0001485 104.9540   4.4821 15.05588850    13
STARLINK-1162           
1 45058C 20006Q   20173.45651265 -.00004777  00000-0 -32704-3 0  1737
2 45058  52.9998 296.5683 0001410 119.6895   6.0771 15.05606029    16
STARLINK-1165           
1 45059C 20006R   20173.46139749 -.00004839  00000-0 -33141-3 0  1732
2 45059  52.9988 296.5448 0001378 114.3907 289.8834 15.05586226    11
STARLINK-1166           
1 45060C 20006S   20173.43676470  .00007304  00000-0  50044-3 0  1737
2 45060  53.0002 296.6623 0001046 116.2318 172.4560 15.05561922    16
STARLINK-1169           
1 45061C 20006T   20173.46502264 -.00004448  00000-0 -30446-3 0  1732
2 45061  52.9985 296.5292 0001253 122.1071 283.8119 15.05609621    14
STARLINK-1171           
1 45062C 20006U   20173.46439655 -.00005121  00000-0 -35074-3 0  1737
2 45062  52.9994 296.5366 0001148 111.2258   3.2875 15.05589098    14
STARLINK-1178           
1 45063C 20006V   20173.44786541 -.00004214  00000-0 -28846-3 0  1736
2 45063  52.9983 296.6072 0001361 110.4115 184.4536 15.05611535    16
STARLINK-1133           
1 45064C 20006W   20173.45551538 -.00004001  00000-0 -27403-3 0  1736
2 45064  53.0013 276.5755 0001406 103.7953 324.7494 15.05588431    13
STARLINK-1139           
1 45065C 20006X   20173.45916120 -.00003888  00000-0 -26615-3 0  1735
2 45065  53.0008 276.5567 0001550 100.9223 329.3174 15.05607813    10
STARLINK-1145           
1 45066C 20006Y   20173.44798385 -.00002652  00000-0 -18163-3 0  1733
2 45066  52.9994 276.6132 0001241 122.6087  13.1264 15.05592216    16
STARLINK-1150           
1 45067C 20006Z   20173.44856287 -.00003502  00000-0 -23987-3 0  1735
2 45067  53.0075 276.5706 0001477 120.4941 306.3231 15.05583946    12
STARLINK-1161           
1 45068C 20006AA  20173.44971548 -.00002711  00000-0 -18566-3 0  1732
2 45068  52.9982 276.6123 0001069 118.5839   8.4618 15.05592897    17
STARLINK-1163           
1 45069C 20006AB  20173.42634167 -.00003286  00000-0 -22496-3 0  1739
2 45069  52.9990 276.7060 0001257 105.6691 308.6082 15.05598796    14
STARLINK-1164           
1 45070C 20006AC  20173.46341355 -.00002645  00000-0 -18098-3 0  1730
2 45070  52.9989 276.5402 0001389 124.3623 166.9289 15.05615531    12
STARLINK-1167           
1 45071C 20006AD  20173.46115697 -.00002917  00000-0 -19980-3 0  1732
2 45071  52.9997 276.5520 0001346 116.7352 198.4192 15.05588705    15
STARLINK-1168           
1 45072C 20006AE  20173.46005504 -.00002478  00000-0 -16962-3 0  1737
2 45072  52.9985 276.5533 0001405  95.1314 195.9874 15.05609059    16
STARLINK-1170           
1 45073C 20006AF  20173.44509875 -.00003341  00000-0 -22878-3 0  1739
2 45073  52.9983 276.6216 0001246 109.8327 316.1899 15.05588174    12
STARLINK-1172           
1 45074C 20006AG  20173.42998868 -.00003278  00000-0 -22453-3 0  1730
2 45074  52.9992 276.6959 0001271  97.8771 318.1859 15.05581631    13
STARLINK-1174           
1 45075C 20006AH  20173.46261567 -.00004107  00000-0 -28132-3 0  1736
2 45075  53.0005 276.5399 0001385 100.0770 330.9395 15.05581219    19
STARLINK-1180           
1 45076C 20006AJ  20173.46957363 -.00003702  00000-0 -25353-3 0  1735
2 45076  52.9991 276.5069 0001061 110.0409 322.6794 15.05586630    10
STARLINK-1182           
1 45077C 20006AK  20173.47027789 -.00001886  00000-0 -12918-3 0  1731
2 45077  53.0003 276.5075 0001201 119.1447 191.4063 15.05582410    15
STARLINK-1177           
1 45078C 20006AL  20173.45345537 -.00003114  00000-0 -21315-3 0  1731
2 45078  53.0002 276.5863 0001430 108.5648 182.7547 15.05608042    19
STARLINK-1149           
1 45079C 20006AM  20173.46593052  .00040988  00000-0  28082-2 0  1735
2 45079  52.9872 276.6166 0001639 125.0309 306.0554 15.05527715    15
STARLINK-1153           
1 45080C 20006AN  20173.45187442 -.00004014  00000-0 -27487-3 0  1739
2 45080  52.9997 276.5852 0000828 138.0212 180.8076 15.05596749    12
STARLINK-1151           
1 45081C 20006AP  20173.46462041 -.00003285  00000-0 -22495-3 0  1735
2 45081  53.0016 276.5252 0001218 106.1487  29.8329 15.05597184    12
STARLINK-1160           
1 45082C 20006AQ  20173.45417919 -.00002712  00000-0 -18570-3 0  1732
2 45082  52.9943 276.6062 0001050 107.4107  25.8823 15.05591001    14
STARLINK-1190           
1 45083C 20006AR  20173.45516409 -.00003025  00000-0 -20712-3 0  1736
2 45083  52.9988 296.5768 0001113 119.4624 161.0880 15.05592347    15
STARLINK-1173           
1 45084C 20006AS  20173.45069355 -.00001725  00000-0 -11817-3 0  1731
2 45084  53.0043 256.5764 0001356 103.5561 210.8880 15.05584819    13
STARLINK-1179           
1 45085C 20006AT  20173.44716258 -.00003966  00000-0 -27147-3 0  1734
2 45085  53.0021 256.6052 0001469 104.8371 208.5034 15.05611029    18
STARLINK-1181           
1 45086C 20006AU  20173.47435998 -.00000907  00000-0 -62113-4 0  1732
2 45086  53.0007 256.4823 0001467  82.3387 342.5444 15.05593124    11
STARLINK-1185           
1 45087C 20006AV  20173.45759341 -.00000560  00000-0 -38352-4 0  1735
2 45087  53.0009 256.5575 0001271  72.4600   9.4989 15.05577959    11
STARLINK-1183           
1 45088C 20006AW  20173.41263196 -.00003775  00000-0 -25864-3 0  1734
2 45088  52.9997 256.7588 0001111  93.9856 338.1170 15.05576441    15
STARLINK-1136           
1 45089C 20006AX  20173.46071426 -.00002178  00000-0 -14907-3 0  1735
2 45089  53.0012 256.5445 0001377  81.2965 233.5143 15.05609494    14
STARLINK-1176           
1 45090C 20006AY  20173.46367682 -.00000969  00000-0 -66397-4 0  1736
2 45090  53.0006 256.5309 0001268 102.3670 336.6305 15.05563551    13
STARLINK-1127           
1 45091C 20006AZ  20173.42998902 -.00002192  00000-0 -15011-3 0  1734
2 45091  52.9992 256.6912 0001057  82.1093 354.1565 15.05594001    14
STARLINK-1137           
1 45092C 20006BA  20173.43676054 -.00001813  00000-0 -12417-3 0  1733
2 45092  52.9917 256.6951 0001241  90.8743 346.0903 15.05593750    14
STARLINK-1142           
1 45093C 20006BB  20173.43328208 -.00002070  00000-0 -14173-3 0  1736
2 45093  52.9891 256.7247 0001281 108.8082 327.3655 15.05594162    19
STARLINK-1146           
1 45094C 20006BC  20173.44718558 -.00000682  00000-0 -46725-4 0  1735
2 45094  53.0119 256.5542 0001579  81.4904 357.9972 15.05590000    18
STARLINK-1147           
1 45095C 20006BD  20173.45065280 -.00000691  00000-0 -47349-4 0  1737
2 45095  53.0013 256.5896 0001212  72.4701   7.8404 15.05578627    15
STARLINK-1152           
1 45096C 20006BE  20173.44370548 -.00001062  00000-0 -72780-4 0  1733
2 45096  52.9840 256.7088 0001397  82.1558 356.5425 15.05561378    11
STARLINK-1175           
1 45097C 20006BF  20173.41375343 -.00045445  00000-0 -16822-3 0  1736
2 45097  52.9972 235.7521 0001076  87.4243 338.5885 15.87448937    15
STARLINK-1184           
1 45098C 20006BG  20173.42652572 -.00002844  00000-0 -19474-3 0  1732
2 45098  52.9990 256.7002 0000779  92.1887 343.3456 15.05589175    17
STARLINK-1186           
1 45099C 20006BH  20173.46107417 -.00000713  00000-0 -48816-4 0  1736
2 45099  52.9996 256.5411 0001153  94.8675 347.9098 15.05583129    12
STARLINK-1193           
1 45100C 20006BJ  20173.42304795 -.00003104  00000-0 -21252-3 0  1734
2 45100  53.0005 256.7146 0001512 108.5724 325.9540 15.05601469    18
STARLINK-1194           
1 45101C 20006BK  20173.41958097  .00010058  00000-0  68900-3 0  1739
2 45101  52.9998 256.7329 0001068  92.7983 340.9731 15.05566843    13
STARLINK-1195           
1 45102C 20006BL  20173.44023448 -.00029907  00000-0 -20482-2 0  1733
2 45102  52.9914 256.6857 0001175  93.7800 344.0690 15.05614749    13
STARLINK-1196           
1 45103C 20006BM  20173.46800976 -.00000815  00000-0 -55816-4 0  1733
2 45103  53.0013 256.5111 0001196  88.4177 355.9596 15.05588659    15
STARLINK-1138           
1 45178C 20012A   20173.14789675  .00007137  00000-0  48873-3 0  1735
2 45178  52.9996  57.9614 0001461  96.4360 124.9322 15.05581733    11
STARLINK-1143           
1 45179C 20012B   20173.15105969 -.00013887  00000-0 -95070-3 0  1737
2 45179  52.9961  57.9648 0001346  87.5210 132.9690 15.05612518    11
STARLINK-1192           
1 45180C 20012C   20173.20829810  .00006405  00000-0  43854-3 0  1732
2 45180  53.0013  57.6868 0001763  90.3120 134.5760 15.05588617    17
STARLINK-1200           
1 45181C 20012D   20173.18766210 -.00016331  00000-0 -11179-2 0  1739
2 45181  52.9991  57.7817 0001498  88.2570  42.7269 15.05618358    16
STARLINK-1201           
1 45182C 20012E   20173.45761008  .00002016  00000-0  13808-3 0  1735
2 45182  53.0050  36.5450 0001527  85.0492 323.9996 15.05576656    19
STARLINK-1202           
1 45183C 20012F   20173.09005374 -.00008901  00000-0 -60953-3 0  1737
2 45183  52.9998  58.2180 0001800  84.7394  56.9855 15.05597385    10
STARLINK-1205           
1 45184C 20012G   20173.46332516  .00001898  00000-0  13002-3 0  1739
2 45184  53.0003  36.5370 0001848  87.5734 316.5659 15.05563867    16
STARLINK-1216           
1 45185C 20012H   20173.16185781  .00006990  00000-0  47901-3 0  1730
2 45185  53.0011  57.8932 0001688  92.7416 114.3938 15.05553918    13
STARLINK-1224           
1 45186C 20012J   20173.46256391  .00001586  00000-0  10864-3 0  1734
2 45186  52.9990  56.5484 0001604  91.2032 216.5891 15.05581062    16
STARLINK-1225           
1 45187C 20012K   20173.16905095  .00007760  00000-0  53138-3 0  1735
2 45187  52.9993  57.8646 0001623  88.7190  49.3590 15.05580823    13
STARLINK-1228           
1 45188C 20012L   20173.46136625 -.00842527  00000-0 -56780-1 0  1738
2 45188  52.9980  16.6277 0001315  63.8882   5.4288 15.07026127    14
STARLINK-1230           
1 45189C 20012M   20173.46955368  .00001700  00000-0  11648-3 0  1736
2 45189  52.9989  56.5173 0001680  81.5693 228.2451 15.05560962    19
STARLINK-1234           
1 45190C 20012N   20173.45586309  .00003350  00000-0  22934-3 0  1735
2 45190  52.9991  16.5735 0001515  87.5668 350.1039 15.05590814    15
STARLINK-1236           
1 45191C 20012P   20173.18048236  .00007681  00000-0  52606-3 0  1738
2 45191  52.9997  57.8115 0001445  92.1404  53.9476 15.05574866    16
STARLINK-1237           
1 45192C 20012Q   20173.16453465  .00007100  00000-0  48622-3 0  1730
2 45192  52.9991  57.8858 0001722  99.5846 103.9974 15.05578937    16
STARLINK-1239           
1 45193C 20012R   20173.15755760  .00006848  00000-0  46909-3 0  1737
2 45193  53.0013  57.9120 0001477  89.8802 129.8609 15.05571328    17
STARLINK-1240           
1 45194C 20012S   20173.23290516 -.00022060  00000-0 -15107-2 0  1731
2 45194  52.9997  57.5772 0001513 100.3059 150.1118 15.05608566    17
STARLINK-1241           
1 45195C 20012T   20173.15147712  .00007115  00000-0  48715-3 0  1736
2 45195  53.0012  57.9347 0001420  86.5867 118.1106 15.05585351    16
STARLINK-1244           
1 45196C 20012U   20173.13259611  .00007331  00000-0  50190-3 0  1737
2 45196  53.0006  58.0296 0001724  94.1600  62.2434 15.05589120    13
STARLINK-1269           
1 45197C 20012V   20173.18569449  .00034181  00000-0  23406-2 0  1738
2 45197  52.9994  57.7896 0001816  90.1521  48.1468 15.05555577    19
STARLINK-1154           
1 45198C 20012W   20173.45204654  .00002519  00000-0  17261-3 0  1736
2 45198  53.0008  36.5896 0001817  81.3878 135.5678 15.05563261    14
STARLINK-1197           
1 45199C 20012X   20173.45926926  .00002803  00000-0  19196-3 0  1735
2 45199  52.9987  36.5599 0001661  79.3211 158.7895 15.05583557    12
STARLINK-1198           
1 45200C 20012Y   20173.45903970  .00002950  00000-0  20212-3 0  1736
2 45200  52.9996  36.5650 0001594  80.9291 137.9163 15.05568833    11
STARLINK-1199           
1 45201C 20012Z   20173.46675690  .00003026  00000-0  20718-3 0  1739
2 45201  52.9993  36.5316 0001658  72.7336 169.9765 15.05586769    19
STARLINK-1203           
1 45202C 20012AA  20166.25516635  .00006902  00000-0  47266-3 0  1667
2 45202  52.9803  88.8970 0001665  84.8285  52.5456 15.05580851    11
STARLINK-1204           
1 45203C 20012AB  20173.44998957  .00002066  00000-0  14136-3 0  1733
2 45203  52.9977  36.6115 0001576  84.2819 319.7533 15.05612612    19
STARLINK-1206           
1 45204C 20012AC  20173.46043023 -.00014515  00000-0 -99350-3 0  1736
2 45204  53.0025  36.5465 0001440  81.2823 325.0854 15.05620691    17
STARLINK-1208           
1 45205C 20012AD  20173.46768205  .00002424  00000-0  16605-3 0  1739
2 45205  52.9996  36.5189 0001630  83.3897 254.3322 15.05564320    11
STARLINK-1209           
1 45206C 20012AE  20172.74666421 -.01117567  00000-0 -72797-1 0  1726
2 45206  53.0041  18.5934 0001277  77.1512 351.8177 15.08559234    17
STARLINK-1210           
1 45207C 20012AF  20173.46930689  .00002996  00000-0  20516-3 0  1738
2 45207  52.9992  36.5191 0001687  77.7086 160.8424 15.05582443    11
STARLINK-1211           
1 45208C 20012AG  20173.47258520  .00002882  00000-0  19740-3 0  1738
2 45208  53.0005  36.5020 0001588  78.3997 141.8967 15.05581350    15
STARLINK-1218           
1 45209C 20012AH  20173.46791582  .00002028  00000-0  13890-3 0  1730
2 45209  53.0002  36.5163 0001702  76.8108 334.1081 15.05584548    12
STARLINK-1219           
1 45210C 20012AJ  20173.46955890 -.00014422  00000-0 -98752-3 0  1739
2 45210  52.9986  36.5161 0001766  79.9751 141.9281 15.05605033    18
STARLINK-1231           
1 45212C 20012AL  20173.47453662  .00008694  00000-0  59516-3 0  1739
2 45212  53.0006  36.4870 0001588  88.1126 322.7242 15.05593211    11
STARLINK-1232           
1 45213C 20012AM  20173.46295359  .00002125  00000-0  14553-3 0  1731
2 45213  53.0013  36.5399 0001792  79.1643 250.8706 15.05578114    19
STARLINK-1233           
1 45214C 20012AN  20173.44854552  .00002333  00000-0  15973-3 0  1734
2 45214  52.9989  36.6163 0001557  79.6308 334.3473 15.05590164    10
STARLINK-1245           
1 45215C 20012AP  20173.47574612  .00002888  00000-0  19779-3 0  1737
2 45215  53.0005  36.4870 0001867  84.5487 134.9181 15.05581972    19
STARLINK-1254           
1 45216C 20012AQ  20173.47026315  .00001932  00000-0  13227-3 0  1731
2 45216  52.9994  36.5058 0001999  79.8458 325.8926 15.05589279    11
STARLINK-1271           
1 45217C 20012AR  20173.46709362  .00002407  00000-0  16487-3 0  1730
2 45217  53.0001  36.5209 0002006  89.4415 227.0504 15.05581490    13
STARLINK-1105           
1 45218C 20012AS  20173.49507664 -.01148097  00000-0 -45171-1 0  1734
2 45218  52.9972  17.0215 0001293  84.2604 155.8638 15.26260763    16
STARLINK-1187           
1 45219C 20012AT  20173.44672113 -.01136786  00000-0 -58514-1 0  1739
2 45219  53.0021  16.8359 0001295  67.3874 342.2809 15.17049509    18
STARLINK-1188           
1 45220C 20012AU  20173.45584729 -.01154073  00000-0 -47775-1 0  1733
2 45220  52.9974  17.1555 0001457  67.1926 175.7271 15.24562863    16
STARLINK-1189           
1 45221C 20012AV  20173.45319998 -.01142625  00000-0 -47074-1 0  1730
2 45221  52.9974  17.1946 0001379  65.3049 176.1776 15.24713441    15
STARLINK-1191           
1 45222C 20012AW  20173.45647382 -.01145891  00000-0 -47583-1 0  1735
2 45222  52.9997  17.1688 0001383  73.4573 157.7926 15.24450887    15
STARLINK-1212           
1 45223C 20012AX  20173.46174612 -.01129700  00000-0 -44114-1 0  1736
2 45223  52.9995  17.1758 0001329  65.1536   3.8268 15.26493324    14
STARLINK-1214           
1 45224C 20012AY  20173.46586069 -.01098826  00000-0 -46325-1 0  1730
2 45224  52.9988  17.2197 0001270  72.9150 170.3129 15.23892376    11
STARLINK-1215           
1 45225C 20012AZ  20173.47242007 -.01144919  00000-0 -45875-1 0  1737
2 45225  52.9968  17.1193 0001219  74.0865 351.0390 15.25649147    10
STARLINK-1217           
1 45226C 20012BA  20173.40916213 -.01147412  00000-0 -46220-1 0  1734
2 45226  52.9983  17.3986 0001338  55.2632 356.4606 15.25472942    11
STARLINK-1221           
1 45227C 20012BB  20173.46142045 -.01145912  00000-0 -47818-1 0  1732
2 45227  52.9982  17.1681 0001307  79.8662 165.5036 15.24285572    18
STARLINK-1222           
1 45228C 20012BC  20173.46316264 -.01145824  00000-0 -48060-1 0  1731
2 45228  52.9982  17.1915 0001361  99.3146 142.1972 15.24112252    17
STARLINK-1226           
1 45229C 20012BD  20173.47266681 -.01155795  00000-0 -46080-1 0  1738
2 45229  52.9969  17.1263 0001294  66.9109  12.4372 15.25827027    10
STARLINK-1227           
1 45230C 20012BE  20173.46941569 -.01141309  00000-0 -45290-1 0  1732
2 45230  52.9979  17.1554 0001356  65.0666   9.1103 15.25968109    15
STARLINK-1229           
1 45231C 20012BF  20173.44565285 -.01158513  00000-0 -47014-1 0  1739
2 45231  52.9973  17.2206 0001377  74.0682 165.0877 15.25236246    16
STARLINK-1235           
1 45232C 20012BG  20173.45226968 -.01217985  00000-0 -76607-1 0  1732
2 45232  52.9991  16.6303 0001416  79.2058 162.8567 15.09945139    17
STARLINK-1238           
1 45233C 20012BH  20173.45346918  .00002054  00000-0  14066-3 0  1730
2 45233  52.9916  36.6217 0001475  90.7029 313.8996 15.05582084    18
STARLINK-1243           
1 45234C 20012BJ  20173.47333368  .00001834  00000-0  12562-3 0  1732
2 45234  52.9989  56.4998 0001497  86.0015 226.2020 15.05583719    13
STARLINK-1246           
1 45235C 20012BK  20173.16228232  .00007428  00000-0  50877-3 0  1738
2 45235  52.9985  57.8948 0001413  78.9788  58.4166 15.05570789    14
STARLINK-1247           
1 45236C 20012BL  20173.46556815 -.01142109  00000-0 -45053-1 0  1730
2 45236  52.9982  17.1798 0001333  60.0252   5.3204 15.26167753    13
STARLINK-1270           
1 45237C 20012BM  20173.48184333 -.01148232  00000-0 -46946-1 0  1730
2 45237  52.9978  17.0522 0001292  65.7190 359.1608 15.24975302    13
STARLINK-1279           
1 45360C 20019A   20173.42204664 -.00012046  00000-0 -27606-3 0  1734
2 45360  53.0026 149.5315 0001284  48.5121 162.6262 15.42188107    13
STARLINK-1301           
1 45361C 20019B   20173.46828438  .00006493  00000-0  44443-3 0  1735
2 45361  53.0075 156.4726 0001350  68.9729 151.1617 15.05600797    15
STARLINK-1306           
1 45362C 20019C   20173.42669046  .00005601  00000-0  41837-3 0  1734
2 45362  52.9988 176.2325 0001275  86.2112  60.3013 15.02323310    18
STARLINK-1313           
1 45364C 20019E   20173.41883454  .00037779  00000-0  86569-3 0  1738
2 45364  53.0012 149.5133 0001282  44.3579 160.8674 15.42141821    18
STARLINK-1317           
1 45365C 20019F   20173.43641510  .00006842  00000-0  46847-3 0  1738
2 45365  52.9959 156.6733 0001854  76.3443  61.0449 15.05583892    11
STARLINK-1262           
1 45366C 20019G   20173.47896100 -.00003390  00000-0 -23222-3 0  1739
2 45366  52.9975 176.4717 0001331  96.6712 125.3300 15.05580612    13
STARLINK-1273           
1 45367C 20019H   20173.48279499  .00006153  00000-0  42148-3 0  1733
2 45367  52.9969 176.4552 0000937 101.1949  33.4923 15.05571731    11
STARLINK-1276           
1 45368C 20019J   20173.46018550  .00006402  00000-0  43868-3 0  1738
2 45368  52.9991 176.5508 0001226  83.4863  72.6615 15.05561013    13
STARLINK-1277           
1 45369C 20019K   20173.45532958  .00006589  00000-0  45133-3 0  1734
2 45369  52.9987 176.5733 0001185  92.3764  55.4378 15.05571238    17
STARLINK-1281           
1 45370C 20019L   20173.44526159 -.00009283  00000-0 -63592-3 0  1736
2 45370  52.9955 176.6445 0001318  76.3203  70.9470 15.05582178    13
STARLINK-1287           
1 45371C 20019M   20173.47322663  .00033870  00000-0  23196-2 0  1736
2 45371  52.9975 176.4995 0001335  86.2470  50.5734 15.05551052    13
STARLINK-1288           
1 45372C 20019N   20173.42148149  .00032848  00000-0  22495-2 0  1732
2 45372  52.9985 176.7292 0001402  91.1516  53.0168 15.05554319    17
STARLINK-1295           
1 45373C 20019P   20173.47355038  .00032650  00000-0  22362-2 0  1739
2 45373  52.9979 176.4941 0001291  81.1431  75.4507 15.05549178    12
STARLINK-1300           
1 45374C 20019Q   20173.48179817  .00005985  00000-0  41000-3 0  1732
2 45374  52.9981 176.4581 0001576  87.8237 131.5224 15.05570351    16
STARLINK-1302           
1 45375C 20019R   20173.47999852  .00035628  00000-0  24398-2 0  1738
2 45375  52.9973 176.4660 0001301  91.1585  46.3516 15.05552635    18
STARLINK-1304           
1 45376C 20019S   20173.43156111  .00006007  00000-0  41140-3 0  1732
2 45376  52.9989 176.6848 0001018  91.7157  53.1997 15.05578893    15
STARLINK-1305           
1 45377C 20019T   20173.46367679  .00006236  00000-0  42711-3 0  1738
2 45377  52.9999 176.5390 0001507  89.2282  67.7895 15.05577580    12
STARLINK-1310           
1 45378C 20019U   20173.44873389  .00006864  00000-0  46985-3 0  1731
2 45378  52.9989 176.6003 0001162  78.4663  69.4561 15.05597175    15
STARLINK-1319           
1 45379C 20019V   20173.45203572  .00032027  00000-0  21933-2 0  1739
2 45379  52.9986 176.5873 0001431  99.4440  48.4321 15.05553453    14
STARLINK-1207           
1 45380C 20019W   20173.41864773  .00006342  00000-0  43432-3 0  1733
2 45380  53.0017 156.7322 0002202  76.4816 144.4656 15.05576322    19
STARLINK-1258           
1 45381C 20019X   20173.43110240 -.00000416  00000-0 -28528-4 0  1737
2 45381  53.0014 156.6760 0001708  71.8728 162.7175 15.05576095    19
STARLINK-1264           
1 45382C 20019Y   20173.47786368  .00005706  00000-0  39067-3 0  1736
2 45382  53.0004 156.4658 0001770  70.8669 165.2963 15.05587885    17
STARLINK-1266           
1 45383C 20019Z   20173.42282023  .00033695  00000-0  23076-2 0  1731
2 45383  53.0021 156.7129 0001504  63.3920 162.2019 15.05551584    11
STARLINK-1267           
1 45384C 20019AA  20173.47813707  .00005752  00000-0  39407-3 0  1735
2 45384  53.0010 156.4646 0002017  73.7856 145.8326 15.05565211    14
STARLINK-1268           
1 45385C 20019AB  20173.46809831  .00017866  00000-0  18014-3 0  1738
2 45385  52.9979 149.0805 0001222 159.8032  66.0938 15.64708592    10
STARLINK-1272           
1 45386C 20019AC  20173.41473819 -.01110681  00000-0 -72796-1 0  1734
2 45386  53.0011 155.2839 0001471  68.0774 157.3144 15.08324762    10
STARLINK-1274           
1 45387C 20019AD  20173.39040843 -.00541666  00000-0 -21297-1 0  1739
2 45387  52.9964 154.5002 0001360  77.8402  49.4019 15.25673781    12
STARLINK-1280           
1 45388C 20019AE  20173.43259152  .00006124  00000-0  49808-3 0  1733
2 45388  53.0008 175.3022 0001330  88.8876  57.6598 14.99081628    17
STARLINK-1283           
1 45389C 20019AF  20173.43311454 -.00003940  00000-0 -26993-3 0  1733
2 45389  52.9985 156.6780 0001556  65.4050  72.0908 15.05577699    10
STARLINK-1284           
1 45390C 20019AG  20173.47602642  .00005147  00000-0  35246-3 0  1731
2 45390  53.0016 156.4745 0001634  73.1424  63.0787 15.05582685    12
STARLINK-1289           
1 45391C 20019AH  20173.43918395  .00005970  00000-0  40890-3 0  1738
2 45391  52.9986 156.6421 0001577  60.2641 164.1089 15.05571825    16
STARLINK-1290           
1 45392C 20019AJ  20173.44300466  .00007882  00000-0  53999-3 0  1732
2 45392  52.9698 156.8110 0001594  64.2759  72.9336 15.05563864    12
STARLINK-1291           
1 45393C 20019AK  20173.47188806  .00006184  00000-0  42343-3 0  1733
2 45393  53.0022 156.4897 0001953  73.8089 147.8458 15.05584687    18
STARLINK-1292           
1 45394C 20019AL  20173.43150347  .00006022  00000-0  41230-3 0  1734
2 45394  53.0005 156.6801 0001684  69.7052 148.9853 15.05586740    15
STARLINK-1297           
1 45395C 20019AM  20173.44805045  .00006742  00000-0  46167-3 0  1731
2 45395  53.0136 156.5078 0001772  69.6294  76.8834 15.05579956    10
STARLINK-1303           
1 45396C 20019AN  20173.42651977  .00036778  00000-0  25189-2 0  1735
2 45396  52.9984 156.7032 0001143  76.3118  61.3579 15.05545981    10
STARLINK-1307           
1 45397C 20019AP  20173.43988336  .00006823  00000-0  46733-3 0  1736
2 45397  52.9755 156.7790 0001901  74.0258  64.1237 15.05574478    15
STARLINK-1312           
1 45398C 20019AQ  20173.42981975  .00006303  00000-0  43170-3 0  1733
2 45398  52.9991 156.6904 0001526  98.9955  38.5394 15.05573739    14
STARLINK-1255           
1 45399C 20019AR  20173.36965152 -.01157063  00000-0 -19401-1 0  1737
2 45399  52.9972 150.1966 0001291  63.3758  67.6737 15.52378512    15
STARLINK-1213           
1 45400C 20019AS  20173.44586943 -.01203251  00000-0 -21355-1 0  1738
2 45400  52.9970 149.7209 0001285  58.5148 168.0154 15.50824700    14
STARLINK-1256           
1 45401C 20019AT  20173.36558318 -.01191730  00000-0 -20890-1 0  1736
2 45401  52.9980 150.1165 0001339  58.5631  85.9157 15.51163707    14
STARLINK-1257           
1 45402C 20019AU  20173.37476874 -.01173692  00000-0 -20472-1 0  1737
2 45402  52.9981 150.0403 0001238  74.7622 127.2747 15.51285802    14
STARLINK-1259           
1 45403C 20019AV  20173.44710772 -.01157768  00000-0 -20804-1 0  1739
2 45403  52.9967 149.6847 0001400  59.2811 161.2493 15.50426903    18
STARLINK-1260           
1 45404C 20019AW  20173.37056352 -.01182870  00000-0 -21614-1 0  1731
2 45404  52.9979 150.0922 0001391  63.3871  63.2541 15.49975315    12
STARLINK-1263           
1 45405C 20019AX  20173.36296289 -.01171336  00000-0 -20773-1 0  1736
2 45405  52.9979 150.0944 0001348  64.8960  52.0382 15.50812610    13
STARLINK-1265           
1 45406C 20019AY  20173.36758132 -.01164787  00000-0 -21070-1 0  1730
2 45406  52.9990 150.0857 0001338  64.5929  62.4296 15.50244072    11
STARLINK-1275           
1 45407C 20019AZ  20173.37080873 -.01183542  00000-0 -21883-1 0  1734
2 45407  52.9971 150.0980 0001254  62.4805  52.2664 15.49639480    10
STARLINK-1278           
1 45408C 20019BA  20173.43136823  .00005974  00000-0  48579-3 0  1731
2 45408  53.0001 175.2744 0001373  89.1683  57.5498 14.99091918    11
STARLINK-1282           
1 45409C 20019BB  20173.37554255 -.01173531  00000-0 -21957-1 0  1735
2 45409  52.9965 150.0908 0001432  52.6162  74.8484 15.49289553    12
STARLINK-1285           
1 45410C 20019BC  20173.36741166 -.01173204  00000-0 -21062-1 0  1739
2 45410  52.9983 150.0594 0001351  59.8625  69.0326 15.50468466    13
STARLINK-1293           
1 45411C 20019BD  20173.36540629 -.01148800  00000-0 -19025-1 0  1731
2 45411  52.9971 150.1270 0002889 301.3814 177.9003 15.52713401    10
STARLINK-1296           
1 45412C 20019BE  20173.38377058 -.01172815  00000-0 -21330-1 0  1733
2 45412  52.9980 150.0215 0001291  78.2872 128.8316 15.50098680    14
STARLINK-1298           
1 45413C 20019BF  20173.44730950 -.01175562  00000-0 -19484-1 0  1734
2 45413  52.9961 149.7397 0001304  62.4246 160.8993 15.52720835    18
STARLINK-1309           
1 45414C 20019BG  20173.37242007 -.01174393  00000-0 -21841-1 0  1739
2 45414  52.9987 150.0951 0001312  57.8829  59.0126 15.49462620    10
STARLINK-1316           
1 45415C 20019BH  20173.44137741 -.01183004  00000-0 -20626-1 0  1735
2 45415  52.9971 149.7223 0001295  68.6735 151.9568 15.51306036    10
STARLINK-1318           
1 45416C 20019BJ  20173.37547272 -.01165216  00000-0 -21430-1 0  1731
2 45416  52.9981 150.0841 0001324  59.0121  88.5102 15.49771857    12
STARLINK-1286           
1 45417C 20019BK  20173.47231538  .00035324  00000-0  25268-2 0  1735
2 45417  52.9980 176.1239 0001448  78.8873 142.5786 15.03925002    14
STARLINK-1308           
1 45419C 20019BM  20173.42512747  .00005496  00000-0  37629-3 0  1738
2 45419  53.0184 176.6119 0001448  88.9047  57.0254 15.05589894    18
STARLINK-1329           
1 45531C 20025A   20173.34229990  .00007053  00000-0  48296-3 0  1739
2 45531  52.9993 117.0889 0001508  79.5539 127.6780 15.05580427    12
STARLINK-1338           
1 45532C 20025B   20173.36165212  .00006590  00000-0  45134-3 0  1731
2 45532  53.0178 116.9035 0002124  81.6197 158.4869 15.05577260    11
STARLINK-1339           
1 45533C 20025C   20173.37437175 -.00000886  00000-0 -60687-4 0  1738
2 45533  53.0010 116.9359 0001660  67.2073 151.9823 15.05575096    16
STARLINK-1341           
1 45534C 20025D   20173.36882901  .00005937  00000-0  40677-3 0  1735
2 45534  53.0029 116.9474 0001578  64.2066 160.9307 15.05563844    17
STARLINK-1350           
1 45535C 20025E   20173.31957501  .00006613  00000-0  45320-3 0  1732
2 45535  53.0002 117.1837 0001834  61.5039 148.5338 15.05553967    11
STARLINK-1352           
1 45536C 20025F   20173.32164177  .00006582  00000-0  45066-3 0  1735
2 45536  52.9990 117.1804 0001838  78.3746 124.8785 15.05586773    19
STARLINK-1353           
1 45537C 20025G   20173.33560326  .00006155  00000-0  36326-3 0  1738
2 45537  53.0027 116.6494 0001829   8.8216 203.8707 15.11030230    13
STARLINK-1362           
1 45538C 20025H   20173.33277568  .00007219  00000-0  49433-3 0  1737
2 45538  52.9983 117.1332 0001686  82.6341  54.9164 15.05581381    13
STARLINK-1367           
1 45539C 20025J   20173.27118027  .00020245  00000-0  22009-3 0  1739
2 45539  52.9786 106.9225 0009113   5.5021 121.7201 15.62741883    17
STARLINK-1368           
1 45540C 20025K   20173.32568656  .00034356  00000-0  23524-2 0  1734
2 45540  53.0013 117.1633 0001656  63.5181 143.5598 15.05557623    11
STARLINK-1369           
1 45541C 20025L   20173.40119091  .00004375  00000-0  29940-3 0  1736
2 45541  52.9995 116.8221 0001656  71.5939 166.9488 15.05603557    13
STARLINK-1371           
1 45542C 20025M   20173.36526210 -.00014280  00000-0 -97761-3 0  1731
2 45542  53.0098 116.9279 0001671  71.7240 152.0033 15.05611530    10
STARLINK-1372           
1 45543C 20025N   20173.33215759 -.00000183  00000-0 -12519-4 0  1738
2 45543  53.0001 117.1332 0001478  72.0572 134.2043 15.05577230    16
STARLINK-1373           
1 45544C 20025P   20173.33607304  .00007307  00000-0  50038-3 0  1730
2 45544  52.9936 117.1528 0001745  65.7398  71.7338 15.05579818    17
STARLINK-1374           
1 45545C 20025Q   20173.37144098  .00005903  00000-0  40420-3 0  1735
2 45545  53.0013 116.9479 0002024  73.7270 147.4681 15.05585055    19
STARLINK-1375           
1 45546C 20025R   20173.31839085  .00006492  00000-0  44476-3 0  1736
2 45546  53.0020 117.1894 0001612  66.5401 155.0231 15.05567230    11
STARLINK-1377           
1 45547C 20025S   20173.38224454  .00004988  00000-0  34149-3 0  1736
2 45547  53.0016 116.8985 0001587  66.2445 177.6008 15.05594214    14
STARLINK-1378           
1 45548C 20025T   20173.34188188  .00006519  00000-0  44663-3 0  1730
2 45548  52.9993 117.0866 0001347  76.6929 164.2798 15.05563103    15
STARLINK-1379           
1 45549C 20025U   20173.34115972 -.00015707  00000-0 -10756-2 0  1738
2 45549  52.9987 117.0902 0001510  77.9563 141.1109 15.05605968    16
STARLINK-1390           
1 45550C 20025V   20173.34110431  .00006941  00000-0  47546-3 0  1731
2 45550  52.9894 117.1469 0001566  67.2474  79.5169 15.05568894    14
STARLINK-1294           
1 45551C 20025W   20173.34648972 -.00028607  00000-0 -31102-3 0  1734
2 45551  52.9984 106.5507 0008571  31.5657 204.0947 15.62795063    12
STARLINK-1322           
1 45552C 20025X   20173.34376796 -.00019748  00000-0 -21525-3 0  1731
2 45552  52.9975 106.5582 0001339  65.0071 157.9402 15.62769216    16
STARLINK-1323           
1 45553C 20025Y   20173.34840654 -.00026410  00000-0 -28771-3 0  1735
2 45553  52.9990 106.5602 0001032  72.2794 166.5770 15.62790118    18
STARLINK-1325           
1 45554C 20025Z   20173.34704679  .00019341  00000-0  21070-3 0  1730
2 45554  52.9983 106.5455 0001159  63.9343 172.3492 15.62743733    11
STARLINK-1327           
1 45555C 20025AA  20173.26782161  .00020643  00000-0  22476-3 0  1732
2 45555  52.9996 106.9810 0001162  69.2250  60.7207 15.62757344    12
STARLINK-1334           
1 45556C 20025AB  20173.26471721  .00020681  00000-0  22539-3 0  1732
2 45556  52.9993 106.9638 0001385  72.8291  57.4628 15.62732174    14
STARLINK-1336           
1 45557C 20025AC  20173.34929028 -.00003671  00000-0 -40023-4 0  1731
2 45557  52.9980 106.5558 0001155  59.2935 182.0273 15.62749385    10
STARLINK-1342           
1 45558C 20025AD  20173.35372624 -.00034200  00000-0 -37246-3 0  1731
2 45558  52.9982 106.5894 0001047  69.5869 168.6801 15.62805116    18
STARLINK-1344           
1 45559C 20025AE  20173.34947359  .00019135  00000-0  20852-3 0  1737
2 45559  52.9977 106.5518 0001120  68.0463 171.6982 15.62736164    12
STARLINK-1346           
1 45560C 20025AF  20173.26696840  .00007977  00000-0  86838-4 0  1734
2 45560  52.9999 106.9750 0008191 353.7166 139.1855 15.62730877    12
STARLINK-1348           
1 45561C 20025AG  20173.27044296  .00005369  00000-0  58508-4 0  1734
2 45561  52.9982 106.9872 0001226  75.4469  59.1094 15.62749011    12
STARLINK-1354           
1 45562C 20025AH  20173.34986399 -.00037099  00000-0 -40415-3 0  1736
2 45562  52.9984 106.5713 0001159  66.3653 170.5333 15.62800450    13
STARLINK-1355           
1 45563C 20025AJ  20173.26887515  .00020630  00000-0  22475-3 0  1735
2 45563  52.9990 106.9787 0001055  75.3681  55.4070 15.62743107    16
STARLINK-1356           
1 45564C 20025AK  20173.35219218 -.00028417  00000-0 -30950-3 0  1735
2 45564  52.9981 106.5737 0001451  70.4694 171.8373 15.62797368    15
STARLINK-1357           
1 45565C 20025AL  20173.26712782  .00020673  00000-0  22525-3 0  1733
2 45565  52.9991 106.9830 0001043  48.9384  79.6688 15.62738328    13
STARLINK-1358           
1 45566C 20025AM  20173.26937966  .00020838  00000-0  22715-3 0  1731
2 45566  52.9989 106.9821 0001213  53.0170  78.0422 15.62726062    11
STARLINK-1361           
1 45567C 20025AN  20173.27103256 -.00030863  00000-0 -33615-3 0  1732
2 45567  52.9996 107.0050 0001163  63.7694  63.9327 15.62800092    12
STARLINK-1363           
1 45568C 20025AP  20173.27077221  .00020465  00000-0  22308-3 0  1737
2 45568  52.9983 106.9851 0001722 353.3483 140.5252 15.62726955    15
STARLINK-1366           
1 45569C 20025AQ  20173.27287785  .00004575  00000-0  49897-4 0  1733
2 45569  52.9996 106.9923 0000959  64.3532  71.2567 15.62732184    15
STARLINK-1376           
1 45570C 20025AR  20173.35393910 -.00037257  00000-0 -40586-3 0  1732
2 45570  52.9982 106.5945 0001295  71.9043 165.0117 15.62801581    18
STARLINK-1261           
1 45571C 20025AS  20173.34688142  .00019014  00000-0  20702-3 0  1733
2 45571  52.9995 106.5532 0001106  66.5632 170.0116 15.62759092    14
STARLINK-1320           
1 45572C 20025AT  20173.27824607 -.00016930  00000-0 -18441-3 0  1737
2 45572  52.9980 106.8676 0001263  12.9806 202.3432 15.62783811    19
STARLINK-1321           
1 45573C 20025AU  20173.26910480 -.00025791  00000-0 -28117-3 0  1738
2 45573  52.9983 106.9956 0001400  73.7822  56.9918 15.62770250    16
STARLINK-1324           
1 45574C 20025AV  20173.26347800  .00020976  00000-0  22845-3 0  1739
2 45574  52.9981 106.9379 0001182  59.7408  69.9471 15.62748524    12
STARLINK-1326           
1 45575C 20025AW  20173.26486376 -.00011443  00000-0 -12464-3 0  1739
2 45575  52.9985 106.9520 0001363  53.6252  76.2108 15.62779063    16
STARLINK-1328           
1 45576C 20025AX  20173.34998731  .00019160  00000-0  20884-3 0  1739
2 45576  52.9978 106.5698 0000975  59.4317 179.2624 15.62731647    18
STARLINK-1330           
1 45577C 20025AY  20173.27060088  .00020722  00000-0  22600-3 0  1731
2 45577  52.9983 106.9902 0001190  61.4146  72.7771 15.62714403    11
STARLINK-1331           
1 45578C 20025AZ  20173.28107520  .00020717  00000-0  22604-3 0  1734
2 45578  52.9988 106.8889 0001103  60.1887 155.8089 15.62703328    11
STARLINK-1332           
1 45579C 20025BA  20173.35181745 -.00026914  00000-0 -29322-3 0  1735
2 45579  52.9987 106.5741 0001288  57.0526 176.8436 15.62788748    12
STARLINK-1333           
1 45580C 20025BB  20173.34670600  .00019347  00000-0  21079-3 0  1730
2 45580  52.9981 106.5478 0001430  66.2714 166.7884 15.62740122    14
STARLINK-1335           
1 45581C 20025BC  20173.26799426 -.00010367  00000-0 -11288-3 0  1736
2 45581  52.9996 106.9763 0001301  65.5873  66.5765 15.62786898    12
STARLINK-1337           
1 45582C 20025BD  20173.27053975  .00020681  00000-0  22542-3 0  1733
2 45582  52.9982 106.9926 0001316  78.0905  53.1609 15.62728833    14
STARLINK-1340           
1 45583C 20025BE  20173.28471601 -.00022245  00000-0 -24229-3 0  1739
2 45583  52.9982 106.9046 0001120  62.6617 161.1174 15.62790843    17
STARLINK-1343           
1 45584C 20025BF  20173.34964693  .00006467  00000-0  70520-4 0  1737
2 45584  52.9981 106.5612 0001144  55.9825 183.5546 15.62733092    18
STARLINK-1345           
1 45585C 20025BG  20173.26922752  .00020706  00000-0  22571-3 0  1733
2 45585  52.9991 106.9739 0001420  82.4028  51.5502 15.62727029    10
STARLINK-1347           
1 45586C 20025BH  20173.26730071  .00020574  00000-0  22421-3 0  1732
2 45586  52.9982 106.9792 0001264  65.6923  65.0492 15.62733835    13
STARLINK-1349           
1 45587C 20025BJ  20173.34855316  .00019204  00000-0  20927-3 0  1739
2 45587  52.9984 106.5582 0001157  74.5266 163.8467 15.62736282    17
STARLINK-1360           
1 45588C 20025BK  20173.35481543 -.00014224  00000-0 -15506-3 0  1734
2 45588  52.9993 106.5892 0002281   3.3432 237.2915 15.62759027    12
STARLINK-1364           
1 45589C 20025BL  20173.35412098  .00018745  00000-0  20414-3 0  1738
2 45589  52.9978 106.5912 0001318  63.1962 176.0262 15.62753128    12
STARLINK-1365           
1 45590C 20025BM  20173.36476815  .00006437  00000-0  44097-3 0  1736
2 45590  53.0140 116.9058 0001505  92.7059 146.3872 15.05569189    12
STARLINK-1440           
1 45657C 20035A   20173.22958411  .00286388  00000-0  27437-3 0  1737
2 45657  52.9998  82.5695 0093808 113.7090 110.8241 16.02146686    13
STARLINK-1441           
1 45658C 20035B   20173.23161016 -.00026002  00000-0 -28312-3 0  1736
2 45658  53.0023  85.0412 0000923 101.4010  27.5931 15.62803386    14
STARLINK-1442           
1 45659C 20035C   20173.16556362  .00021823  00000-0  23780-3 0  1739
2 45659  53.0023  85.3774 0000870  85.1851  29.2671 15.62735646    14
STARLINK-1443           
1 45660C 20035D   20173.23381355 -.00007848  00000-0 -85415-4 0  1734
2 45660  53.0022  85.0431 0000885  99.6121  37.7981 15.62795948    17
STARLINK-1444           
1 45661C 20035E   20173.22980307  .00023881  00000-0  26022-3 0  1737
2 45661  52.9990  85.0096 0001111  55.1774  77.3084 15.62734457    13
STARLINK-1445           
1 45662C 20035F   20173.24753919  .00022765  00000-0  24783-3 0  1739
2 45662  53.0023  84.9553 0001164 105.3776 121.8881 15.62758567    15
STARLINK-1446           
1 45663C 20035G   20173.16384027 -.00027695  00000-0 -30208-3 0  1739
2 45663  53.0022  85.3661 0001001 102.2460  12.7229 15.62760150    11
STARLINK-1447           
1 45664C 20035H   20173.16452093 -.00013940  00000-0 -15187-3 0  1736
2 45664  53.0025  85.3673 0001246 100.2650  14.6498 15.62776289    17
STARLINK-1448           
1 45665C 20035J   20173.25053629 -.00026753  00000-0 -29141-3 0  1730
2 45665  53.0021  84.9620 0001198 101.6831 128.5513 15.62793622    16
STARLINK-1449           
1 45666C 20035K   20173.23416005 -.00012097  00000-0 -13163-3 0  1733
2 45666  53.0020  85.0487 0001360  89.1549  47.5184 15.62803914    16
STARLINK-1450           
1 45667C 20035L   20173.22618637 -.00020208  00000-0 -22041-3 0  1736
2 45667  53.0019  85.0308 0001075  97.9881  18.0952 15.62752632    12
STARLINK-1451           
1 45668C 20035M   20173.16349344  .00022193  00000-0  24147-3 0  1738
2 45668  53.0022  85.3710 0001235  91.9615  15.7241 15.62773189    19
STARLINK-1452           
1 45669C 20035N   20173.23014440 -.00011982  00000-0 -13045-3 0  1734
2 45669  53.0023  85.0260 0001442  60.8881  71.0141 15.62791012    17
STARLINK-1453           
1 45670C 20035P   20173.23705432  .00057870  00000-0  40682-3 0  1735
2 45670  53.0006  84.1243 0013461 113.3155 112.0129 15.73269538    10
STARLINK-1454           
1 45671C 20035Q   20173.22964194 -.00007103  00000-0 -77380-4 0  1739
2 45671  53.0023  85.0301 0001168  98.8151  29.0531 15.62771068    17
STARLINK-1455           
1 45672C 20035R   20173.18984914  .00081546  00000-0  44232-3 0  1737
2 45672  53.0007  83.8249 0021733 114.0881 100.0320 15.78882243    19
STARLINK-1456           
1 45673C 20035S   20173.16292987 -.00027823  00000-0 -30279-3 0  1734
2 45673  53.0023  85.3731 0000664  90.9526  16.2091 15.62819069    11
STARLINK-1457           
1 45674C 20035T   20173.23122379 -.00031477  00000-0 -34286-3 0  1732
2 45674  53.0022  85.0402 0001218  92.8556  34.9961 15.62798087    12
STARLINK-1458           
1 45675C 20035U   20173.18134526 -.00018248  00000-0 -19858-3 0  1733
2 45675  53.0024  85.2765 0001054 100.2041 111.8506 15.62810249    15
STARLINK-1460           
1 45676C 20035V   20173.16062647 -.00035964  00000-0 -39179-3 0  1738
2 45676  53.0022  85.3608 0000720  90.5232  15.2228 15.62799857    12
STARLINK-1392           
1 45677C 20035W   20173.22368138  .00007228  00000-0  78747-4 0  1735
2 45677  53.0021  84.9947 0001033 107.6754  17.7977 15.62753628    14
STARLINK-1393           
1 45678C 20035X   20173.22416495 -.00029558  00000-0 -32185-3 0  1733
2 45678  53.0018  84.9931 0001148 105.1374  21.7407 15.62805577    16
STARLINK-1394           
1 45679C 20035Y   20173.22213671  .00005111  00000-0  55708-4 0  1739
2 45679  53.0021  85.0052 0001294 106.8977   7.3950 15.62743384    16
STARLINK-1395           
1 45680C 20035Z   20173.23574284  .00048618  00000-0  35044-3 0  1731
2 45680  53.0001  84.1376 0007861 114.4116  98.8319 15.72782761    18
STARLINK-1396           
1 45681C 20035AA  20173.22189212 -.00020632  00000-0 -22475-3 0  1736
2 45681  53.0018  85.0121 0000947 109.0091   2.5959 15.62786855    14
STARLINK-1397           
1 45682C 20035AB  20173.22684811  .00006999  00000-0  76274-4 0  1737
2 45682  53.0017  84.9872 0001283 108.1934  28.7408 15.62747259    19
STARLINK-1399           
1 45683C 20035AC  20173.22409902 -.00033989  00000-0 -36989-3 0  1733
2 45683  53.0019  84.9931 0001133 105.2423  23.7933 15.62824313    18
STARLINK-1401           
1 45684C 20035AD  20173.15948536  .00020878  00000-0  22776-3 0  1737
2 45684  53.0022  85.3376 0001109 101.1414   6.4216 15.62707858    15
STARLINK-1402           
1 45685C 20035AE  20173.24126282  .00022516  00000-0  24530-3 0  1735
2 45685  53.0021  84.9448 0001250  96.0760 113.0651 15.62739098    12
STARLINK-1404           
1 45686C 20035AF  20173.22739433 -.00017732  00000-0 -19318-3 0  1736
2 45686  53.0021  84.9965 0001055  95.9823  37.6664 15.62780775    11
STARLINK-1406           
1 45687C 20035AG  20173.18839243  .00081963  00000-0  44031-3 0  1737
2 45687  53.0016  83.8165 0026966 113.0131 100.4696 15.78894630    15
STARLINK-1408           
1 45688C 20035AH  20173.19516684 -.01225730  00000-0 -88609-2 0  1733
2 45688  53.0016  83.8703 0004967 137.7914  84.3919 15.74022987    15
STARLINK-1413           
1 45689C 20035AJ  20173.22477405 -.00000818  00000-0 -89032-5 0  1736
2 45689  53.0020  85.0217 0001329 101.0653  11.3498 15.62797094    15
STARLINK-1414           
1 45690C 20035AK  20173.22650220  .00022928  00000-0  24945-3 0  1730
2 45690  53.0019  84.9917 0001583 101.0461  32.5424 15.62773895    16
STARLINK-1415           
1 45691C 20035AL  20173.10038730 -.01213255  00000-0 -10847-1 0  1736
2 45691  53.0025  84.9548 0002295 167.4107 302.2861 15.68930190    19
STARLINK-1416           
1 45692C 20035AM  20173.22704258 -.00024099  00000-0 -26279-3 0  1738
2 45692  53.0019  84.9973 0001349  99.2019  35.0519 15.62762400    10
STARLINK-1417           
1 45693C 20035AN  20173.24140434  .00022763  00000-0  24760-3 0  1738
2 45693  53.0020  84.9410 0001402  92.8026 114.4983 15.62780621    18
STARLINK-1419           
1 45694C 20035AP  20173.24476491  .00022791  00000-0  24799-3 0  1737
2 45694  53.0020  84.9289 0001182 105.6702 117.9776 15.62771686    11
STARLINK-1420           
1 45695C 20035AQ  20173.16176466  .00021086  00000-0  22987-3 0  1731
2 45695  53.0020  85.3525 0001001  95.1947  18.8830 15.62724981    10
STARLINK-1422           
1 45696C 20035AR  20173.16191705 -.00003175  00000-0 -34593-4 0  1733
2 45696  53.0020  85.3392 0001403  98.5913  17.5886 15.62766352    14
STARLINK-1351           
1 45697C 20035AS  20173.24805985  .00022497  00000-0  24494-3 0  1739
2 45697  53.0019  84.9613 0001233  99.3122 125.1966 15.62755306    18
STARLINK-1370           
1 45698C 20035AT  20173.22978786  .00009045  00000-0  98461-4 0  1738
2 45698  53.0021  85.0314 0001541  98.8117  26.6535 15.62773926    17
STARLINK-1398           
1 45699C 20035AU  20173.23051111  .00006410  00000-0  69858-4 0  1735
2 45699  53.0015  85.0297 0000934  96.6377  38.1005 15.62746558    11
STARLINK-1400           
1 45700C 20035AV  20173.23067478 -.00007517  00000-0 -81902-4 0  1736
2 45700  53.0020  85.0114 0000910 104.4730  32.4013 15.62768477    13
STARLINK-1403           
1 45701C 20035AW  20173.16504205 -.00015294  00000-0 -16662-3 0  1734
2 45701  53.0020  85.3666 0001328  99.7766  16.2049 15.62777722    10
STARLINK-1405           
1 45702C 20035AX  20173.25655891 -.00051354  00000-0 -29000-4 0  1731
2 45702  52.9945  81.2568 0043792 116.9686 115.2046 16.15976669    12
STARLINK-1407           
1 45703C 20035AY  20173.18005017  .00021650  00000-0  23557-3 0  1737
2 45703  53.0019  85.2746 0000884  96.9457 112.2383 15.62774025    11
STARLINK-1409           
1 45704C 20035AZ  20173.16304962 -.00007743  00000-0 -84346-4 0  1730
2 45704  53.0022  85.3626 0000997  98.6889   9.8589 15.62774027    18
STARLINK-1410           
1 45705C 20035BA  20173.22949920 -.00024861  00000-0 -27090-3 0  1739
2 45705  53.0020  85.0148 0001225 103.6719  27.8535 15.62782409    11
STARLINK-1411           
1 45706C 20035BB  20173.23273223 -.00019664  00000-0 -21434-3 0  1738
2 45706  53.0023  85.0566 0001070  95.7376  32.3795 15.62768959    10
STARLINK-1412           
1 45707C 20035BC  20173.23433898  .00022954  00000-0  24989-3 0  1737
2 45707  53.0023  85.0492 0001504  98.9221  38.0695 15.62756865    10
STARLINK-1418           
1 45708C 20035BD  20173.16664024  .00020790  00000-0  22643-3 0  1738
2 45708  53.0018  85.3589 0001122  94.4486  33.0144 15.62749079    18
STARLINK-1421           
1 45709C 20035BE  20173.16225773 -.00032270  00000-0 -35174-3 0  1734
2 45709  53.0020  85.3457 0001167 110.0738   4.2390 15.62782017    12
STARLINK-1423           
1 45710C 20035BF  20173.16226032 -.00018741  00000-0 -20427-3 0  1737
2 45710  53.0023  85.3446 0001256  99.9686  15.6529 15.62767918    14
STARLINK-1433           
1 45711C 20035BG  20173.23309036 -.00029531  00000-0 -32166-3 0  1734
2 45711  53.0017  85.0373 0001366 102.3731  34.0801 15.62796250    15
STARLINK-1434           
1 45712C 20035BH  20173.21358292 -.01303486  00000-0 -70653-2 0  1738
2 45712  53.0010  83.9892 0033161 109.9747 115.2481 15.79781010    12
STARLINK-1436 (VISORSAT)
1 45713C 20035BJ  20173.16556484 -.00005484  00000-0 -59809-4 0  1734
2 45713  53.0022  85.3657 0001243  68.7096  46.3303 15.62741002    12
STARLINK-1437           
1 45714C 20035BK  20173.23343738 -.00012737  00000-0 -13859-3 0  1732
2 45714  53.0018  85.0395 0001324  97.5285  36.9496 15.62805851    15
STARLINK-1438           
1 45715C 20035BL  20173.16599431 -.00013747  00000-0 -14958-3 0  1731
2 45715  53.0017  85.3688 0001609  94.8563  21.2572 15.62806622    17
STARLINK-1439           
1 45716C 20035BM  20173.20693784 -.00575541  00000-0 -21019-2 0  1733
2 45716  53.0001  83.1902 0041936 112.7123 113.4070 15.86739990    11
STARLINK-1461           
1 45730C 20038A   20173.49690683 -.01241315  00000-0 -46136-2 0  1735
2 45730  53.0016 257.8845 0062690  76.4861   5.0707 15.85250623    17
STARLINK-1465           
1 45731C 20038B   20173.49478154 -.01249592  00000-0 -46651-2 0  1730
2 45731  53.0019 257.8990 0062504  76.6753 350.9099 15.85190105    12
STARLINK-1466           
1 45732C 20038C   20173.49557328 -.01246557  00000-0 -46202-2 0  1732
2 45732  53.0020 257.8928 0063178  76.7868 356.1933 15.85260559    18
STARLINK-1467           
1 45733C 20038D   20173.49705629 -.01220378  00000-0 -44506-2 0  1730
2 45733  53.0018 257.8850 0067039  77.1276   3.7538 15.85149000    11
STARLINK-1468           
1 45734C 20038E   20173.49818710 -.01243911  00000-0 -46375-2 0  1731
2 45734  53.0016 257.8765 0061514  76.4569  13.2742 15.85310547    13
STARLINK-1471           
1 45735C 20038F   20173.49605061 -.01233648  00000-0 -44849-2 0  1735
2 45735  53.0018 257.8799 0063881  76.6285   4.4215 15.85552069    13
STARLINK-1472           
1 45736C 20038G   20173.49834969 -.01244277  00000-0 -46214-2 0  1735
2 45736  53.0016 257.8794 0063195  76.6976  11.9178 15.85216130    19
STARLINK-1473           
1 45737C 20038H   20173.49813670 -.01238712  00000-0 -45814-2 0  1734
2 45737  53.0018 257.8760 0062684  76.6419  12.9630 15.85344495    19
STARLINK-1474           
1 45738C 20038J   20173.49742168 -.01250615  00000-0 -46828-2 0  1730
2 45738  53.0021 257.8868 0062282  76.5762   5.4559 15.85155320    11
STARLINK-1475           
1 45739C 20038K   20173.49577301 -.01242213  00000-0 -45616-2 0  1735
2 45739  53.0015 257.8834 0062686  76.5025   2.0177 15.85486992    19
STARLINK-1479           
1 45740C 20038L   20173.49332304 -.01249842  00000-0 -45287-2 0  1738
2 45740  53.0014 257.8918 0064315  76.5432 349.6771 15.85587204    14
STARLINK-1480           
1 45741C 20038M   20173.49623311 -.01247496  00000-0 -46440-2 0  1735
2 45741  53.0020 257.8874 0061998  76.5610   1.4804 15.85294564    19
STARLINK-1481           
1 45742C 20038N   20173.49653340 -.01235460  00000-0 -45676-2 0  1739
2 45742  53.0016 257.8831 0062540  76.6790   4.3597 15.85363378    13
STARLINK-1483           
1 45743C 20038P   20173.49881565 -.01237369  00000-0 -46397-2 0  1733
2 45743  53.0018 257.8807 0062382  76.7113  13.0364 15.85105585    16
STARLINK-1500           
1 45744C 20038Q   20173.49374307 -.01237476  00000-0 -45501-2 0  1730
2 45744  53.0018 257.8944 0062823  76.7042 349.5488 15.85443458    18
STARLINK-1503           
1 45745C 20038R   20173.49590149 -.01236805  00000-0 -45065-2 0  1735
2 45745  53.0015 257.8814 0063676  76.5384   3.1937 15.85532430    17
STARLINK-1504           
1 45746C 20038S   20173.49790778 -.01235411  00000-0 -45452-2 0  1738
2 45746  53.0014 257.8741 0062860  76.6420  13.0501 15.85426091    14
STARLINK-1506           
1 45747C 20038T   20173.49639004 -.01242338  00000-0 -45856-2 0  1737
2 45747  53.0017 257.8827 0062650  76.5096   3.9380 15.85390482    15
STARLINK-1507           
1 45748C 20038U   20173.49758744 -.01237958  00000-0 -45305-2 0  1732
2 45748  53.0016 257.8731 0063293  76.6909  12.4183 15.85487814    19
STARLINK-1516           
1 45749C 20038V   20173.49723017 -.01226089  00000-0 -44339-2 0  1737
2 45749  53.0013 257.8708 0064660  76.6453  12.0633 15.85567161    14
STARLINK-1391           
1 45750C 20038W   20173.48354462 -.01234356  00000-0 -26182-2 0  1734
2 45750  53.0009 257.7838 0084258  76.9488   8.7060 15.92762244    13
STARLINK-1464           
1 45751C 20038X   20173.48011127 -.01233905  00000-0 -25753-2 0  1735
2 45751  53.0010 257.8021 0085613  76.9421 348.6658 15.92839898    13
STARLINK-1469           
1 45752C 20038Y   20173.48351035 -.01224509  00000-0 -25851-2 0  1730
2 45752  53.0009 257.7853 0085107  77.0126   7.8512 15.92713631    15
STARLINK-1476           
1 45753C 20038Z   20173.41824369 -.01237169  00000-0 -25881-2 0  1738
2 45753  53.0004 258.1180 0085491  76.8823 353.5078 15.92821472    17
STARLINK-1477           
1 45754C 20038AA  20173.48369703 -.01243697  00000-0 -26537-2 0  1734
2 45754  53.0009 257.7849 0084577  77.0247   8.4389 15.92628378    18
STARLINK-1478           
1 45755C 20038AB  20173.41649711 -.01221890  00000-0 -24332-2 0  1730
2 45755  53.0001 258.1166 0086845  76.7398 349.0483 15.93423083    17
STARLINK-1484           
1 45756C 20038AC  20173.48406308 -.01243291  00000-0 -27008-2 0  1733
2 45756  53.0010 257.7872 0083838  77.0209   8.5700 15.92432022    12
STARLINK-1486           
1 45757C 20038AD  20173.48133468 -.01237594  00000-0 -25395-2 0  1734
2 45757  53.0007 257.7888 0085715  76.9360 359.0182 15.93107408    14
STARLINK-1487           
1 45758C 20038AE  20173.47931936 -.01240131  00000-0 -25371-2 0  1735
2 45758  53.0007 257.7967 0085402  76.8018 348.9323 15.93203145    14
STARLINK-1493           
1 45759C 20038AF  20173.48401377 -.01241427  00000-0 -26716-2 0  1731
2 45759  53.0009 257.7866 0084133  76.9596   8.7331 15.92545684    13
STARLINK-1494           
1 45760C 20038AG  20173.48065461 -.01229426  00000-0 -26584-2 0  1731
2 45760  53.0011 257.8031 0084108  77.0191 349.8801 15.92459527    19
STARLINK-1495           
1 45761C 20038AH  20173.47963885 -.01237342  00000-0 -25545-2 0  1730
2 45761  53.0009 257.7980 0085402  76.8695 349.1645 15.93051237    19
STARLINK-1499           
1 45762C 20038AJ  20173.48219853 -.01231077  00000-0 -25606-2 0  1738
2 45762  53.0008 257.7899 0085729  76.9653   1.2638 15.92877375    11
STARLINK-1501           
1 45763C 20038AK  20173.48281078 -.01229616  00000-0 -25142-2 0  1738
2 45763  53.0008 257.7855 0086602  76.9642   5.3851 15.93033431    13
STARLINK-1502           
1 45764C 20038AL  20173.47994382 -.01231475  00000-0 -25591-2 0  1731
2 45764  53.0010 257.7996 0085210  76.9258 349.4431 15.92965590    15
STARLINK-1508           
1 45765C 20038AM  20173.48234381 -.01231599  00000-0 -25745-2 0  1737
2 45765  53.0008 257.7875 0084919  76.9132   3.1338 15.92909032    14
STARLINK-1509           
1 45766C 20038AN  20173.48112360 -.01238671  00000-0 -25450-2 0  1731
2 45766  53.0007 257.7885 0085283  76.8859 358.6561 15.93148099    10
STARLINK-1511           
1 45767C 20038AP  20173.41696140 -.01221039  00000-0 -24463-2 0  1731
2 45767  53.0000 258.1145 0086527  76.6875 351.5777 15.93368990    11
STARLINK-1521           
1 45768C 20038AQ  20173.48185037 -.01236444  00000-0 -26499-2 0  1734
2 45768  53.0009 257.7953 0084382  77.0058 357.3007 15.92575506    10
STARLINK-1459           
1 45769C 20038AR  20173.49806579 -.01239014  00000-0 -46137-2 0  1734
2 45769  53.0013 257.8750 0061656  76.4238  13.3587 15.85314927    16
STARLINK-1462           
1 45770C 20038AS  20173.48265486 -.01241919  00000-0 -26747-2 0  1733
2 45770  53.0012 257.7939 0084187  77.0870   0.7011 15.92525847    13
STARLINK-1463           
1 45771C 20038AT  20173.48382411 -.01232012  00000-0 -26360-2 0  1737
2 45771  53.0011 257.7853 0084388  77.0312   8.5472 15.92598939    11
STARLINK-1470           
1 45772C 20038AU  20173.41830721 -.01230987  00000-0 -25564-2 0  1737
2 45772  53.0006 258.1175 0085767  76.8152 354.0820 15.92898030    10
STARLINK-1482           
1 45773C 20038AV  20173.41732346 -.01235692  00000-0 -25428-2 0  1739
2 45773  53.0004 258.1204 0086127  76.8422 349.2658 15.93001174    14
STARLINK-1485           
1 45774C 20038AW  20173.41664179 -.01245537  00000-0 -24753-2 0  1737
2 45774  53.0003 258.1166 0087114  76.7853 349.2957 15.93437524    19
STARLINK-1488           
1 45775C 20038AX  20173.48164800 -.01234880  00000-0 -24948-2 0  1736
2 45775  53.0008 257.7874 0086448  76.8999   0.6783 15.93255707    13
STARLINK-1489           
1 45776C 20038AY  20173.48301976 -.01233884  00000-0 -25410-2 0  1732
2 45776  53.0009 257.7814 0085424  76.9689   8.0411 15.93086314    15
STARLINK-1490           
1 45777C 20038AZ  20173.47972560 -.01241543  00000-0 -25292-2 0  1734
2 45777  53.0010 257.7988 0086215  76.8663 348.9863 15.93158969    13
STARLINK-1491           
1 45778C 20038BA  20173.48092962 -.01246158  00000-0 -26967-2 0  1732
2 45778  53.0013 257.8038 0083908  77.0695 350.2059 15.92488715    15
STARLINK-1492           
1 45779C 20038BB  20173.48078765 -.01243960  00000-0 -26717-2 0  1739
2 45779  53.0013 257.8025 0084168  77.0793 350.4154 15.92576511    10
STARLINK-1496           
1 45780C 20038BC  20173.47948112 -.01239115  00000-0 -24816-2 0  1737
2 45780  53.0009 257.7973 0086714  76.8932 349.0456 15.93364080    15
STARLINK-1497           
1 45781C 20038BD  20173.36286410 -.01248783  00000-0 -27228-2 0  1733
2 45781  52.9990 258.3794 0078710  76.3001  46.7412 15.93066419    18
STARLINK-1498           
1 45782C 20038BE  20173.48204105 -.01238214  00000-0 -25589-2 0  1734
2 45782  53.0009 257.7861 0085471  76.9514   2.4791 15.93026089    15
STARLINK-1505           
1 45783C 20038BF  20173.48147041 -.01230288  00000-0 -25549-2 0  1739
2 45783  53.0010 257.7910 0085142  76.9605 358.3552 15.92985465    18
STARLINK-1510           
1 45784C 20038BG  20173.48287572 -.01231797  00000-0 -25189-2 0  1730
2 45784  53.0008 257.7795 0085699  76.9090   8.5495 15.93161554    18
STARLINK-1512           
1 45785C 20038BH  20173.48373248 -.01228586  00000-0 -25953-2 0  1738
2 45785  53.0011 257.7846 0085174  77.0639   8.6369 15.92698079    16
STARLINK-1513           
1 45786C 20038BJ  20173.41778542 -.01236793  00000-0 -25248-2 0  1734
2 45786  53.0004 258.1187 0086613  76.8560 351.6703 15.93064215    14
STARLINK-1517           
1 45787C 20038BK  20173.48249977 -.01227902  00000-0 -25665-2 0  1732
2 45787  53.0011 257.7903 0085640  77.0141   1.9011 15.92806610    10
